,negativo,positivo,Total
abbottabad,0,1,1
abc,2,1,3
able,2,4,6
abnormally,0,1,1
abound,0,1,1
absentee,0,2,2
absolutely,3,3,6
abuse,3,0,3
abused,0,1,1
abusive,0,1,1
accept,0,1,1
acceptable,2,0,2
accepting,2,0,2
access,1,2,3
accomplish,0,2,2
accomplished,1,1,2
accomplishments,0,1,1
accord,0,2,2
according,2,0,2
account,1,0,1
accusations,1,0,1
accuse,0,3,3
accused,2,0,2
accuses,0,1,1
achieved,1,1,2
achieving,1,0,1
act,5,4,9
acting,2,4,6
action,0,7,7
actions,3,3,6
active,0,1,1
actively,1,0,1
activities,1,3,4
actuality,1,0,1
actually,8,6,14
ad,0,1,1
adam,1,1,2
adamschiff,2,0,2
add,0,2,2
added,2,2,4
addictive,1,0,1
adding,0,1,1
addit,0,1,1
addition,1,0,1
additional,8,6,14
additionally,1,2,3
address,0,5,5
addressing,0,1,1
adds,2,1,3
adept,2,0,2
adjusted,0,2,2
admin,1,1,2
administration,12,15,27
administrations,3,0,3
admiral,0,1,1
admission,0,1,1
admit,3,0,3
admits,2,1,3
adopting,0,1,1
ads,1,1,2
adult,0,4,4
adults,0,6,6
advanced,0,1,1
advantage,4,2,6
advantages,2,1,3
advice,4,1,5
adviso,1,0,1
advisory,2,0,2
affected,7,1,8
affects,2,0,2
affiliate,0,1,1
affirming,0,1,1
afraid,1,0,1
aft,2,0,2
afte,21,15,36
afternoon,0,1,1
ag,0,1,1
age,0,5,5
agencies,6,4,10
agenda,1,7,8
agent,0,1,1
aggressive,0,1,1
ago,6,3,9
agree,2,2,4
agreed,1,13,14
agreement,2,3,5
agrees,0,1,1
agricultural,3,13,16
agriculture,0,7,7
ahead,4,1,5
ai,3,0,3
aid,0,2,2
aircraft,1,0,1
al,0,2,2
alabama,0,1,1
alarm,0,1,1
albe,0,1,1
ale,0,1,1
alive,0,1,1
allies,1,0,1
allocating,2,0,2
allow,3,3,6
allowed,9,3,12
allowing,1,1,2
alternative,2,2,4
amazon,1,1,2
amazons,1,0,1
ambassado,0,1,1
ame,2,0,2
amendment,0,4,4
amercia,0,1,1
america,12,35,47
american,10,35,45
americanow,0,1,1
americans,8,10,18
americas,3,7,10
americastrong,0,2,2
americaworkstoge,2,0,2
amnesty,1,0,1
amounts,2,8,10
amp,67,106,173
analysis,2,2,4
analyst,0,2,2
android,0,10,10
ange,1,0,1
angeles,0,2,2
angry,1,1,2
animals,4,0,4
anniversary,0,2,2
announce,0,5,5
announced,2,8,10
announcement,0,2,2
announcements,0,1,1
announces,0,2,2
announcing,0,1,1
anothe,12,23,35
answe,0,1,1
answering,0,2,2
answers,0,1,1
anthony,0,1,1
antibodies,2,0,2
antibody,0,2,2
anticipated,2,1,3
antigen,0,2,2
anybody,3,2,5
anymore,2,0,2
aol,2,0,2
apa,3,0,3
apec,0,1,1
apologize,1,0,1
apologized,1,0,1
apologizing,1,0,1
apparatus,1,0,1
apparent,1,0,1
appears,3,1,4
applaud,0,1,1
applause,0,1,1
apple,26,23,49
appleca,1,0,1
appleton,0,1,1
apply,0,2,2
appointed,0,2,2
appointments,1,0,1
appreciate,0,2,2
appreciated,1,0,1
appreciates,0,2,2
approach,0,1,1
appropriate,1,0,1
approval,0,5,5
approvals,1,0,1
approves,0,2,2
approximately,3,0,3
arabia,0,2,2
aramco,0,1,1
areas,2,1,3
arena,0,3,3
arent,2,0,2
argentina,0,4,4
argues,0,1,1
arizona,0,3,3
armed,0,1,1
arming,1,0,1
army,0,1,1
arrived,2,0,2
arrives,2,2,4
article,0,1,1
asap,1,0,1
asia,2,1,3
ask,3,2,5
asked,1,8,9
asking,0,6,6
asks,0,1,1
aspects,0,2,2
assad,0,1,1
assessment,2,1,3
assets,0,2,2
assist,0,3,3
associated,0,2,2
assume,0,1,1
assuming,0,1,1
astonishing,0,1,1
astronauts,0,1,1
asylum,1,1,2
asymptomatic,0,2,2
attack,2,1,3
attacking,1,0,1
attacks,1,1,2
attempt,1,0,1
attempted,1,0,1
attending,0,2,2
attention,0,2,2
attorney,1,5,6
august,0,1,1
aus,0,1,1
austin,0,2,2
auten,0,1,1
autho,3,1,4
authorities,2,0,2
authorized,0,1,1
auto,1,0,1
automatically,0,3,3
automobile,0,4,4
available,2,2,4
average,2,0,2
aviation,2,0,2
avoid,2,0,2
avoided,2,0,2
avoiding,2,0,2
awaited,0,1,1
awarding,0,2,2
away,4,3,7
awesome,0,2,2
awesone,0,1,1
az,0,1,1
backed,0,1,1
background,0,2,2
bad,19,6,25
badly,11,1,12
bag,1,0,1
bags,2,0,2
balance,1,0,1
balanced,1,0,1
ball,1,0,1
ballistic,1,0,1
ballot,0,2,2
ballots,1,4,5
balls,1,0,1
ban,2,1,3
bank,2,1,3
banks,1,0,1
banning,1,1,2
barack,0,2,2
barbara,0,1,1
barely,1,1,2
barra,1,0,1
barrels,2,0,2
barriers,4,7,11
barry,1,0,1
base,0,3,3
baseball,0,1,1
based,6,14,20
basics,2,0,2
basketball,1,1,2
batteries,2,0,2
battle,1,0,1
battles,0,1,1
battling,2,0,2
bc,1,0,1
bd,1,0,1
beaten,2,0,2
beating,0,1,1
beautiful,2,4,6
beauty,0,3,3
bed,0,2,2
bedminste,0,1,1
beef,1,1,2
begging,1,0,1
begin,1,11,12
beginning,0,5,5
begun,3,4,7
behalf,0,1,1
behaving,1,0,1
behavio,0,1,1
beijing,0,2,2
believable,1,0,1
believe,6,5,11
bends,1,0,1
beneficiaries,0,4,4
beneficiary,0,1,1
benefit,1,1,2
benefits,0,2,2
berlin,2,0,2
bernie,6,0,6
best,5,29,34
bet,1,3,4
beta,0,1,1
bette,14,14,28
bias,0,1,1
biased,0,1,1
biden,17,16,33
bidens,4,2,6
big,34,53,87
bigge,1,4,5
biggest,8,5,13
bilateral,0,1,1
billion,27,19,46
billions,19,7,26
billy,0,2,2
bin,0,3,3
bipartisan,3,0,3
birthday,1,0,1
birthe,0,1,1
bite,2,0,2
bites,0,1,1
black,1,3,4
blame,1,1,2
blaming,1,0,1
blessed,0,2,2
blessing,0,2,2
blood,4,2,6
blowers,1,0,1
blowing,0,1,1
blueprint,0,1,1
bluish,2,0,2
blumenthal,0,1,1
board,2,4,6
bob,0,1,1
body,2,0,2
boeing,3,15,18
bold,0,3,3
bolton,1,3,4
bombing,1,0,1
bombshell,0,1,1
bonaparte,0,1,1
bond,0,1,1
bongino,1,1,2
bonuses,1,0,1
book,0,2,2
books,0,2,2
booming,3,0,3
borde,6,10,16
borders,0,3,3
bored,0,1,1
boring,1,0,1
boris,1,0,1
borne,1,0,1
bothered,0,1,1
bought,0,5,5
bounce,1,0,1
boxes,2,0,2
boxing,0,1,1
boycott,1,0,1
boycottmacys,1,1,2
boycotts,1,0,1
brand,1,0,1
branding,0,1,1
brave,0,1,1
bravo,0,1,1
breach,0,1,1
breached,1,0,1
break,0,1,1
breaking,10,6,16
breakthrough,0,1,1
breakup,1,0,1
breathing,2,0,2
brennan,2,5,7
brennans,1,2,3
brett,0,1,1
bri,2,0,2
brian,2,2,4
bridges,2,0,2
briefe,1,0,1
briefed,3,0,3
briefing,0,4,4
briefings,2,4,6
brighte,0,1,1
brilliant,0,1,1
bring,5,4,9
bringing,3,0,3
broadband,2,0,2
broke,5,1,6
broken,4,0,4
budgeting,0,2,2
build,3,7,10
building,5,7,12
built,1,3,4
bull,0,1,1
bullet,1,0,1
bump,0,4,4
bur,1,6,7
burden,1,0,1
burials,0,2,2
burling,0,1,1
burning,0,1,1
burrs,1,0,1
busin,0,2,2
business,11,16,27
businesses,7,4,11
businessman,0,2,2
busy,1,1,2
buy,8,9,17
buyers,0,1,1
buying,2,6,8
buys,1,5,6
ca,5,1,6
cal,1,0,1
calculated,1,0,1
california,1,0,1
caliphate,2,0,2
called,6,6,12
caller,0,1,1
calling,0,3,3
calls,1,3,4
calm,1,4,5
came,6,1,7
camp,0,1,1
campaign,6,22,28
campaigning,0,2,2
campaigns,0,1,1
camps,1,0,1
canada,4,7,11
canadian,1,0,1
cancel,1,0,1
canceled,0,1,1
canceling,0,1,1
candid,0,1,1
candidate,5,2,7
candidates,1,1,2
candy,0,1,1
cap,0,2,2
capacity,1,2,3
capitol,0,2,2
carbon,2,0,2
card,0,1,1
care,7,9,16
careful,2,0,2
cargo,0,1,1
carl,0,1,1
carly,0,2,2
carolina,0,5,5
carrie,0,1,1
carried,0,1,1
carriers,0,1,1
carry,0,1,1
cars,0,2,2
carte,1,0,1
cartels,0,2,2
carterwe,0,1,1
case,6,5,11
cases,6,5,11
cash,2,1,3
catastrophe,1,0,1
catch,1,0,1
categories,0,1,1
category,0,1,1
caterpilla,0,2,2
caught,3,0,3
caused,1,0,1
causing,1,0,1
cd,2,0,2
cdc,6,9,15
cdcs,0,2,2
ce,1,0,1
cea,1,0,1
celebapprentice,0,1,1
celebrating,0,1,1
cellphone,1,1,2
cellphones,0,1,1
cente,0,4,4
centers,2,2,4
central,1,0,1
century,1,1,2
ceo,1,5,6
ceremony,0,2,2
certainly,2,0,2
chai,0,3,3
chain,4,3,7
chains,1,0,1
chairman,1,7,8
chairs,0,1,1
challenge,0,1,1
champion,0,3,3
championships,0,2,2
chance,1,0,1
change,8,3,11
changes,0,1,1
changing,0,1,1
channel,0,1,1
chaos,1,0,1
charge,2,2,4
charged,1,2,3
charges,3,0,3
charging,2,1,3
charisma,0,1,1
charles,2,0,2
charleston,0,1,1
charlotte,0,1,1
chase,0,1,1
cheating,0,1,1
check,0,5,5
checks,0,2,2
cherish,0,1,1
chest,2,0,2
chicago,0,1,1
chief,2,6,8
chiefs,0,1,1
childcare,0,2,2
children,1,0,1
chile,0,1,1
china,230,227,457
chinas,9,12,21
chinese,9,14,23
chocked,1,0,1
choice,1,1,2
choked,1,0,1
chooses,0,1,1
chosen,0,2,2
chris,1,2,3
christmas,0,2,2
christophe,1,0,1
chrysle,1,1,2
chuck,3,1,4
churchill,0,1,1
cia,1,4,5
circumstances,0,1,1
citation,0,1,1
citi,1,0,1
cities,0,3,3
citizen,1,1,2
citizens,2,1,3
city,0,4,4
claim,0,2,2
claiming,1,0,1
clandestine,0,1,1
clappe,1,3,4
classified,1,3,4
clean,0,1,1
cleaners,2,0,2
cleanest,0,1,1
clearance,2,0,2
clearly,0,1,1
clicks,1,0,1
client,0,13,13
climate,2,0,2
clinical,1,2,3
clinicaltrial,2,2,4
clinton,4,1,5
clintons,1,1,2
clips,0,1,1
close,6,7,13
closed,5,0,5
closely,0,3,3
closes,0,1,1
closing,1,0,1
cloth,2,0,2
club,1,0,1
clubhouse,0,2,2
clue,6,0,6
cmte,0,1,1
cnbc,1,1,2
cnn,2,2,4
coats,0,2,2
coffers,2,0,2
coincides,0,1,1
colin,0,1,1
collapse,1,0,1
collapsing,0,1,1
colleagues,0,2,2
collecting,0,1,1
collection,0,1,1
collins,1,0,1
collude,1,0,1
colluded,0,3,3
collusi,0,1,1
collusion,14,13,27
colorado,0,4,4
columnist,0,1,1
com,2,0,2
combat,2,3,5
combating,0,1,1
combined,1,0,1
come,5,11,16
comeback,0,2,2
comes,3,3,6
comey,2,3,5
comfor,1,0,1
coming,10,20,30
comm,2,2,4
command,1,2,3
commande,0,2,2
comment,1,1,2
commerce,1,0,1
commercial,2,0,2
commitment,0,1,1
commitments,0,2,2
committed,1,0,1
committee,17,17,34
committees,0,1,1
common,1,4,5
commun,1,0,1
communications,0,1,1
communities,2,6,8
community,4,12,16
compa,1,0,1
companies,21,10,31
company,3,4,7
comparable,0,1,1
comparison,1,2,3
compete,1,1,2
competition,1,1,2
competitive,0,3,3
complain,1,0,1
complaint,0,1,1
complaints,0,1,1
complete,2,8,10
completed,0,4,4
completely,3,0,3
completion,1,0,1
complex,0,2,2
complicated,0,1,1
compliments,1,1,2
comprehensive,1,4,5
compute,0,1,1
conceal,0,1,1
concentration,1,0,1
concerned,1,0,1
concerning,1,3,4
concerns,0,1,1
conclude,0,1,1
concluded,3,0,3
concludes,0,1,1
conclusive,0,1,1
condemned,1,0,1
condition,1,0,1
conditions,2,2,4
condolences,1,0,1
conference,1,4,5
confidence,3,10,13
confident,0,1,1
confidential,0,1,1
confirmed,1,0,1
conflict,1,0,1
conflicted,1,0,1
confronted,2,0,2
confusion,2,0,2
congenial,1,2,3
congratulate,0,1,1
congratulations,0,8,8
congress,2,7,9
congressional,0,1,1
congressman,0,6,6
congresswoman,1,0,1
connect,2,0,2
connecticut,2,1,3
conservative,0,2,2
conside,1,2,3
considered,1,2,3
considering,0,2,2
conspiracy,0,2,2
conspired,0,2,2
constitutes,0,1,1
constitution,0,1,1
constitutional,0,1,1
constructive,0,1,1
consultant,0,1,1
consume,5,6,11
consumers,1,0,1
cont,0,2,2
contact,0,6,6
contacts,1,0,1
contempt,0,1,1
continuation,0,1,1
continue,11,16,27
continued,0,4,4
continues,4,9,13
continuing,1,2,3
continuous,0,1,1
contract,1,1,2
contributing,0,1,1
contributions,0,1,1
control,2,1,3
controlled,0,2,2
controls,2,0,2
conversation,1,6,7
conversations,1,4,5
convince,1,1,2
cook,2,3,5
cooked,0,1,1
cool,0,1,1
cooperate,0,1,1
cooperation,0,1,1
coordinate,0,2,2
coordinated,0,1,1
coordination,1,1,2
cop,1,0,1
cops,1,1,2
core,0,1,1
corn,0,1,1
coronav,0,2,2
coronavirus,9,16,25
correct,3,1,4
correctly,1,0,1
corrupt,3,1,4
corruption,2,0,2
cos,1,0,1
cost,4,2,6
costing,2,0,2
costs,3,0,3
cou,4,7,11
councel,0,1,1
council,0,1,1
counsel,0,2,2
count,1,0,1
counte,0,1,1
counterintelligence,1,1,2
counterterrorism,0,1,1
countries,16,11,27
country,30,42,72
countrydonald,1,0,1
county,0,2,2
coup,0,2,2
couple,1,0,1
coupled,1,0,1
courage,0,1,1
courageous,0,2,2
course,2,2,4
courses,0,1,1
courts,0,1,1
cove,1,1,2
coverage,1,3,4
covering,2,1,3
coverings,2,0,2
coverup,0,1,1
covi,0,2,2
covid,113,201,314
covidview,0,4,4
covington,0,1,1
cracking,0,1,1
cracks,1,0,1
crash,8,1,9
crashed,1,0,1
crashing,2,0,2
crazed,1,0,1
crazy,5,0,5
create,4,0,4
created,3,5,8
creates,1,0,1
creating,0,3,3
creativity,1,0,1
credibility,1,0,1
credible,1,0,1
credit,1,8,9
credited,1,0,1
crime,1,3,4
crimes,2,0,2
criminal,0,1,1
criminalize,0,1,1
criminals,1,0,1
crisis,0,7,7
critical,0,5,5
criticism,0,2,2
criticizes,0,1,1
critics,0,1,1
crony,1,0,1
crooked,11,1,12
crookedhillary,0,1,1
crosses,2,0,2
crowded,2,0,2
cruel,1,0,1
crumble,2,0,2
cruz,5,2,7
culpo,0,1,1
cuomo,3,0,3
cure,0,2,2
currencies,0,1,1
currency,13,6,19
current,0,3,3
currently,1,6,7
curve,0,2,2
cushy,0,1,1
cut,15,4,19
cuts,6,6,12
cutting,1,4,5
cycle,0,1,1
daca,0,1,1
daily,2,1,3
damages,1,0,1
dan,1,3,4
dange,1,0,1
dangerous,4,1,5
dangers,1,0,1
dannys,0,1,1
dark,0,1,1
data,2,2,4
date,1,6,7
david,0,1,1
day,17,21,38
days,9,8,17
dead,2,0,2
deadly,3,1,4
deal,33,49,82
dealers,0,1,1
dealing,1,3,4
deals,7,12,19
death,7,0,7
deaths,4,2,6
debacle,1,0,1
debate,3,0,3
debates,1,0,1
debating,1,0,1
debbie,1,0,1
debt,1,0,1
decades,3,5,8
decembe,2,0,2
decent,0,1,1
deceptively,0,1,1
decided,1,0,1
decides,0,1,1
decision,0,2,2
declare,0,1,1
declassifications,0,1,1
decline,0,4,4
declined,2,0,2
declining,0,3,3
decrease,2,0,2
dedication,0,2,2
deep,1,1,2
defeated,2,0,2
defend,2,3,5
defended,0,2,2
defends,0,1,1
defense,0,4,4
deferral,2,0,2
defiant,2,0,2
deficit,2,2,4
deficits,2,0,2
defy,1,0,1
degree,2,0,2
delay,1,1,2
delayed,0,1,1
delaying,0,1,1
delegation,0,3,3
deliberately,0,1,1
delighted,0,1,1
delive,1,4,5
deliveries,1,1,2
delivers,0,2,2
delivery,2,0,2
dem,2,1,3
demand,2,1,3
demands,4,1,5
demconvention,0,2,2
democrat,6,2,8
democratic,2,0,2
democrats,17,16,33
dems,7,4,11
dennard,1,0,1
denuclearization,1,2,3
denuclearize,2,0,2
denying,0,2,2
department,2,1,3
departs,0,2,2
dependent,1,0,1
depending,0,1,1
deplete,0,1,1
deplorables,1,0,1
deploy,0,1,1
deployed,0,1,1
depot,2,0,2
depth,0,1,1
deputy,0,2,2
derail,0,1,1
des,0,1,1
describing,0,1,1
deserted,1,0,1
deserves,1,2,3
designates,0,1,1
designed,0,3,3
despicable,0,1,1
despite,2,5,7
destroy,1,0,1
destroyed,1,0,1
destroying,1,2,3
destruction,0,1,1
destructive,0,1,1
details,0,1,1
detention,1,0,1
determine,0,1,1
deterrent,0,1,1
detroit,1,0,1
devaluation,3,2,5
devaluations,1,0,1
devalue,3,0,3
devalued,1,0,1
devaluing,1,0,1
devel,1,2,3
develop,0,6,6
developed,1,0,1
developing,0,3,3
developments,0,2,2
devices,0,1,1
devote,1,0,1
di,0,1,1
diagnos,2,0,2
diagnostic,2,0,2
did,23,15,38
didnt,11,1,12
die,1,0,1
died,3,0,3
diego,0,2,2
difference,0,1,1
differences,0,1,1
different,2,2,4
difficult,1,2,3
difficulty,2,0,2
dig,1,0,1
dilanian,0,1,1
dille,1,0,1
dime,0,1,1
dingell,1,0,1
dinne,0,3,3
diplomatically,0,2,2
dir,0,1,1
direct,0,1,1
directed,0,1,1
direction,0,2,2
directionally,0,2,2
directly,0,2,2
directo,3,15,18
dirty,1,1,2
disadvantage,0,1,1
disappea,0,1,1
disappointed,4,0,4
disaste,3,0,3
discipline,0,1,1
disclose,1,0,1
disclosed,0,1,1
discount,1,0,1
discovered,0,1,1
discredit,0,2,2
discuss,0,2,2
discussed,1,6,7
discussing,0,2,2
discussion,0,1,1
discussions,0,2,2
diseases,0,2,2
disgrace,1,1,2
disgraced,1,3,4
dishonest,1,0,1
disintegrate,0,1,1
disinvestment,1,0,1
disloyal,1,1,2
dismiss,0,1,1
disney,0,5,5
displayed,0,1,1
disproven,1,0,1
dispute,0,3,3
disputes,0,2,2
disrespect,1,0,1
disrespected,1,0,1
disservice,0,2,2
distance,0,2,2
distanci,0,2,2
distancing,2,4,6
distant,0,1,1
distillers,0,2,2
distinguished,0,1,1
distorted,1,0,1
distribute,0,1,1
distribution,0,2,2
distributors,1,2,3
district,1,0,1
dive,0,1,1
diversity,0,2,2
dmz,0,1,1
dnc,2,1,3
dni,1,1,2
docs,0,1,1
docto,0,4,4
doctors,6,2,8
documents,2,4,6
dod,1,0,1
dods,2,0,2
does,15,16,31
doesnt,6,3,9
doing,29,31,60
doj,0,3,3
dolla,5,6,11
dollars,39,26,65
domestic,3,0,3
don,1,0,1
donald,1,9,10
donaldtrump,0,1,1
donating,0,2,2
donations,2,0,2
dono,1,0,1
dont,20,7,27
doo,0,1,1
dos,0,1,1
dose,0,1,1
dosed,1,2,3
doses,1,0,1
dossie,2,1,3
doubt,0,3,3
dow,5,0,5
dowd,1,0,1
downgraded,0,1,1
downward,1,0,1
draghi,1,0,1
drain,0,1,1
dramatically,3,0,3
drastically,2,0,2
dream,2,0,2
dreaming,1,0,1
dreamline,1,0,1
dreams,0,1,1
drew,0,2,2
drive,0,2,2
drivers,0,1,1
driving,1,0,1
drone,1,0,1
drop,4,2,6
dropped,3,1,4
drops,0,1,1
drove,1,0,1
drug,1,9,10
drugs,1,2,3
dumb,1,2,3
dumbe,1,0,1
dumbest,0,2,2
dummies,0,1,1
dummy,0,1,1
dumped,2,0,2
dust,0,1,1
duty,1,10,11
earlie,0,2,2
early,1,6,7
earnings,1,1,2
earth,1,1,2
easie,2,0,2
easily,1,1,2
east,2,1,3
easte,2,0,2
easy,3,1,4
eating,1,3,4
ebola,0,3,3
echoed,0,1,1
econom,1,0,1
economic,8,8,16
economist,2,0,2
economy,26,25,51
edge,1,1,2
editorial,2,0,2
editors,1,0,1
education,0,1,1
effect,5,0,5
effective,0,1,1
effects,3,0,3
effo,1,1,2
efforts,3,3,6
einstein,0,1,1
eithe,1,3,4
elderly,2,0,2
elected,3,2,5
election,27,23,50
electric,0,1,1
elements,0,1,1
elevation,0,1,1
elites,1,0,1
elitist,1,0,1
email,0,2,2
emails,5,0,5
embarrassment,0,1,1
embassy,0,1,1
emergency,5,3,8
emerging,2,0,2
emission,1,0,1
emmanuel,0,1,1
emphasis,0,2,2
employees,1,1,2
employment,2,2,4
enacted,0,1,1
encouraging,0,6,6
end,14,12,26
endangered,1,0,1
ended,1,2,3
ending,1,1,2
endless,1,2,3
endlessly,0,1,1
endorsement,0,3,3
endorsing,2,0,2
ends,0,2,2
enemy,1,1,2
energy,3,4,7
enforcement,2,3,5
engaged,0,4,4
enjoy,1,3,4
enjoying,0,1,1
enlightenment,0,4,4
enrollment,0,2,2
ensure,0,9,9
ente,0,1,1
entertaine,1,0,1
entertainment,2,0,2
enthusiasm,2,5,7
entire,1,3,4
entirely,3,0,3
entrepreneu,0,1,1
entrepreneurs,0,2,2
entry,0,1,1
envoy,1,1,2
envy,1,0,1
epicente,0,2,2
epidemics,2,0,2
epidemiology,0,3,3
equally,0,1,1
equipment,0,1,1
equipped,2,0,2
espe,0,2,2
especially,7,5,12
est,1,0,1
estimates,1,0,1
ethiopia,2,0,2
ethnicity,2,2,4
eu,2,0,2
euphoria,0,1,1
euro,1,0,1
europe,2,5,7
european,0,4,4
evacuate,0,1,1
evaluating,2,0,2
eve,19,21,40
evening,0,1,1
event,0,3,3
events,1,0,1
everybody,0,3,3
everyday,0,2,2
everyo,0,2,2
evidence,1,12,13
evil,1,0,1
evolving,2,0,2
ex,0,1,1
exact,3,1,4
exactly,2,2,4
examine,1,0,1
example,0,1,1
examples,1,0,1
exceedingly,0,1,1
excellent,0,2,2
exception,0,1,1
excess,0,1,1
exchange,0,1,1
exciting,2,2,4
excluding,1,0,1
exclusively,0,1,1
excuses,1,0,1
execute,0,3,3
executive,0,1,1
executives,0,1,1
exercises,0,1,1
existing,0,4,4
expand,0,2,2
expands,1,4,5
expe,1,1,2
expect,0,1,1
expected,0,3,3
expects,0,1,1
expensing,1,0,1
expensive,1,0,1
experience,1,2,3
experienced,2,0,2
experiencing,2,2,4
experts,1,1,2
explain,2,0,2
explained,0,1,1
explains,0,3,3
explosive,1,0,1
exports,1,1,2
exposed,1,0,1
express,0,1,1
extended,0,2,2
extensive,2,0,2
extraordinary,0,6,6
extremely,4,0,4
fa,13,23,36
fabricated,1,0,1
face,2,0,2
faces,0,2,2
facilities,1,1,2
fact,11,11,22
factories,0,1,1
facts,6,1,7
fai,7,5,12
failed,4,2,6
failing,3,1,4
failure,2,2,4
fairly,1,1,2
faith,0,1,1
fake,27,16,43
fall,1,2,3
falling,1,0,1
falls,2,0,2
false,6,32,38
falsely,0,2,2
families,3,0,3
family,2,0,2
fan,1,2,3
fantastic,1,4,5
farm,0,2,2
farme,1,0,1
farmers,12,35,47
farms,0,1,1
farrell,1,1,2
fast,6,6,12
faste,2,0,2
fatalities,0,2,2
fathe,3,3,6
favo,0,3,3
favorite,1,5,6
fbi,12,6,18
fbis,1,0,1
fda,2,4,6
fea,0,2,2
fearless,0,1,1
fears,1,0,1
feats,1,0,1
features,0,1,1
february,2,1,3
fed,11,4,15
federal,5,17,22
feds,0,2,2
feel,0,1,1
feeling,0,2,2
feelings,0,1,1
feels,1,2,3
feet,0,2,2
fell,1,0,1
fellow,0,3,3
felt,2,0,2
female,0,1,1
fentanyl,4,1,5
field,1,5,6
fight,4,5,9
fighte,0,2,2
fighting,3,0,3
figure,0,3,3
file,2,1,3
files,0,1,1
filling,1,0,1
final,0,2,2
finalized,0,1,1
finally,1,9,10
financial,1,7,8
finding,1,0,1
findings,2,2,4
finds,1,0,1
fine,0,5,5
finest,1,1,2
fingers,0,1,1
finish,1,2,3
finished,0,5,5
fiorina,0,2,2
fired,1,0,1
firemens,1,0,1
firmly,1,0,1
firms,2,0,2
fisa,1,3,4
fish,2,0,2
fishing,2,0,2
fit,1,0,1
fitn,0,2,2
fix,2,2,4
fixed,1,1,2
flag,1,1,2
flagged,1,0,1
flashback,0,1,1
flatten,0,2,2
flawed,3,0,3
fleeing,2,0,2
flight,0,1,1
flights,0,2,2
florida,3,6,9
flow,1,0,1
fly,1,0,1
flying,0,1,1
flynn,0,6,6
flyove,0,2,2
fm,1,0,1
fo,122,265,387
focus,1,1,2
focused,2,1,3
folding,1,0,1
follow,0,4,4
followed,0,2,2
following,0,4,4
food,0,5,5
fool,2,0,2
foolish,4,0,4
fools,0,1,1
footage,1,0,1
force,2,4,6
forced,1,2,3
forces,0,1,1
forcing,3,0,3
ford,3,2,5
foreign,1,7,8
forests,1,0,1
foreve,2,0,2
forge,0,2,2
forgeries,0,2,2
forget,1,0,1
forgot,3,0,3
forgotten,0,1,1
form,1,2,3
formally,0,1,1
formation,1,0,1
forme,5,4,9
formed,1,0,1
fortune,1,5,6
forward,1,13,14
foundation,1,0,1
founde,1,0,1
fox,0,2,2
foxs,2,0,2
fraction,1,0,1
framed,0,1,1
franc,2,0,2
france,1,2,3
frankly,2,0,2
fraud,4,1,5
fraudulent,1,0,1
free,2,7,9
freedom,1,0,1
friday,1,5,6
friend,1,1,2
friendly,1,0,1
friends,2,4,6
friendship,0,1,1
frontline,0,2,2
frontlines,2,0,2
fronts,0,1,1
frozen,0,1,1
frustrates,0,1,1
fueling,0,1,1
fulfill,0,2,2
fully,1,9,10
functions,1,0,1
fund,0,1,1
fundamental,0,1,1
funding,3,0,3
fundraisers,1,0,1
fundraising,0,1,1
funds,0,2,2
funerals,0,2,2
funny,1,0,1
furious,1,0,1
furthe,1,3,4
future,1,11,12
gain,1,2,3
gained,3,0,3
gains,2,2,4
galaxy,0,1,1
game,4,3,7
games,0,4,4
gang,1,0,1
gangs,1,0,1
gaping,0,1,1
gas,1,3,4
gate,1,0,1
gathering,0,1,1
gave,4,4,8
gazillion,1,0,1
gdp,5,0,5
gea,1,0,1
gee,2,0,2
general,6,8,14
generally,2,0,2
generals,0,1,1
generation,0,1,1
genesis,1,0,1
genius,0,1,1
geniuses,1,3,4
genuine,0,1,1
george,0,2,2
german,0,1,1
germany,3,3,6
gets,4,4,8
getting,14,10,24
giant,2,1,3
gift,1,0,1
given,6,9,15
gives,2,2,4
giving,1,3,4
glad,0,1,1
glasses,0,1,1
glitziest,0,1,1
global,1,0,1
goes,2,2,4
goi,0,1,1
going,17,28,45
goldman,6,1,7
golf,0,1,1
golfe,1,0,1
gone,6,0,6
good,13,56,69
goods,6,9,15
google,5,1,6
gop,2,0,2
gosh,2,0,2
got,17,7,24
gotmyvote,0,1,1
gotten,1,0,1
gov,2,2,4
government,1,10,11
governments,2,5,7
governo,0,2,2
governors,0,7,7
gowdy,0,1,1
grab,0,2,2
grand,1,0,1
grant,1,1,2
grants,2,0,2
grateful,2,2,4
grave,3,0,3
great,29,142,171
greatest,0,8,8
greatly,2,5,7
greatness,0,3,3
greenville,0,1,1
gregg,0,1,1
grew,1,0,1
gross,2,0,2
ground,2,0,2
grounded,1,0,1
group,0,1,1
grovel,1,0,1
growing,4,1,5
grown,1,0,1
growth,10,3,13
gruesome,1,0,1
guard,0,2,2
guards,0,1,1
guess,3,2,5
guessing,1,0,1
guest,0,2,2
guests,0,1,1
gulf,1,0,1
guns,0,1,1
guts,0,1,1
guy,3,0,3
guyjust,0,1,1
guys,1,1,2
ha,0,1,1
hacked,1,2,3
hacking,1,3,4
hai,1,2,3
half,0,5,5
hall,0,2,2
halltopic,2,0,2
hamburg,0,1,1
hampshire,0,5,5
hand,1,3,4
handed,1,0,1
handing,0,1,1
handle,1,2,3
handled,1,0,1
handling,2,2,4
hanoi,0,1,1
happen,10,7,17
happened,4,0,4
happening,5,5,10
happens,3,7,10
happily,0,2,2
happy,3,4,7
harass,1,0,1
harassment,1,0,1
harbo,0,1,1
hard,19,9,28
harde,0,1,1
hardworking,0,3,3
harm,1,0,1
harris,1,0,1
harry,1,0,1
harvey,0,1,1
haters,1,2,3
hates,2,0,2
havent,1,0,1
having,7,3,10
hea,3,5,8
head,2,3,5
headaches,1,0,1
headed,1,0,1
heading,0,8,8
headlines,1,0,1
heal,0,2,2
health,5,11,16
healthcare,1,3,4
heap,1,0,1
heard,1,0,1
hearing,2,1,3
hearings,0,2,2
heavily,1,0,1
heavy,1,2,3
hedge,0,1,1
heels,1,0,1
heights,0,1,1
held,0,1,1
hell,2,1,3
hello,0,1,1
help,16,30,46
helped,2,3,5
helpful,0,5,5
helping,3,7,10
helps,2,0,2
helsinki,0,2,2
hemorrhaging,1,0,1
henry,3,3,6
heritage,1,0,1
hero,0,2,2
heroin,1,0,1
hes,3,2,5
hey,0,2,2
hhs,0,2,2
hi,0,1,1
hidden,1,0,1
high,7,47,54
highe,0,6,6
highest,6,12,18
highlighted,0,3,3
highly,2,7,9
highs,2,5,7
hike,0,1,1
hikes,1,5,6
hilary,0,1,1
hill,0,2,2
hillary,13,2,15
hillarys,1,0,1
hillsborough,0,2,2
hints,0,1,1
hiring,1,0,1
historic,3,3,6
history,5,20,25
hit,8,16,24
hits,3,7,10
ho,0,1,1
hoax,4,10,14
hoaxes,0,1,1
holding,1,0,1
holds,0,2,2
holes,0,1,1
home,12,4,16
homeland,1,0,1
homeless,5,0,5
homelessness,0,2,2
homes,0,2,2
honest,0,4,4
hong,1,2,3
hono,0,6,6
honorable,0,1,1
honoring,0,1,1
hope,0,6,6
hopeful,0,1,1
hopefully,0,5,5
hoping,1,0,1
hornet,0,1,1
horowitz,1,0,1
horrible,3,2,5
horro,2,0,2
hospita,2,0,2
hospital,4,0,4
hospitali,0,2,2
hospitalization,0,2,2
hospitalizations,2,0,2
hospitalized,2,0,2
hospitals,0,1,1
host,0,2,2
hosted,0,2,2
hosting,0,1,1
hot,0,1,1
hotdogs,0,1,1
hounding,1,0,1
hours,1,3,4
house,10,24,34
housepresident,0,1,1
howeve,1,1,2
ht,2,0,2
http,0,3,3
https,2,3,5
hu,4,2,6
huge,0,6,6
human,0,5,5
humanely,1,1,2
hundreds,7,3,10
hunt,4,5,9
hunte,1,2,3
hurricane,1,0,1
hurry,0,2,2
hurting,2,0,2
hydroxychloroquine,4,7,11
hyping,0,2,2
ib,0,1,1
ibm,0,1,1
icu,0,2,2
icymi,0,2,2
idea,3,2,5
ideas,0,1,1
identified,0,1,1
idol,0,1,1
ig,1,2,3
ill,2,2,4
illegal,4,5,9
illegally,1,2,3
illegals,0,2,2
illness,2,2,4
im,1,4,5
imagination,1,5,6
imagine,1,0,1
immediate,1,0,1
immediately,5,4,9
immigrant,0,1,1
immigration,7,6,13
immune,2,0,2
immunity,2,0,2
impact,7,4,11
impacted,0,4,4
impeach,0,2,2
impeachment,2,7,9
impo,0,3,3
important,7,12,19
importantly,0,2,2
importers,2,0,2
imports,0,1,1
imposed,1,1,2
imposing,2,0,2
impossible,1,2,3
improvement,0,2,2
inaccurate,1,0,1
inartificial,0,1,1
inauguration,0,1,1
incapable,0,1,1
incentive,2,0,2
incentives,2,0,2
incessantly,0,1,1
include,0,1,1
includes,0,1,1
including,6,13,19
incoming,1,1,2
incompetent,3,1,4
increase,12,7,19
increased,1,1,2
increases,2,1,3
increasing,0,1,1
incredible,2,2,4
independence,2,0,2
index,1,0,1
indexes,1,0,1
indicato,0,1,1
individual,0,1,1
individuals,0,4,4
industrial,1,1,2
industries,1,0,1
industry,3,0,3
infected,2,0,2
infects,0,1,1
infiltrating,0,1,1
infirm,2,0,2
inflation,9,5,14
influence,1,2,3
influential,1,0,1
info,5,3,8
inform,0,1,1
informant,1,0,1
information,4,6,10
informed,1,1,2
infrastructure,2,5,7
ingraham,0,1,1
innovation,0,1,1
inside,2,0,2
insiders,0,1,1
insightful,0,3,3
insists,0,1,1
inspecto,3,2,5
inspire,0,1,1
inspires,0,1,1
inspiring,0,1,1
instagram,0,1,1
instantly,0,1,1
instead,6,1,7
instituted,0,1,1
institutions,0,1,1
instructed,1,0,1
instrumental,2,0,2
insulting,0,1,1
insurance,2,0,2
insurrection,0,1,1
integrity,0,2,2
intel,21,13,34
inteligence,0,2,2
inteligent,0,1,1
intellect,1,3,4
intellects,0,1,1
intellectual,8,11,19
intellectually,0,1,1
intellectuals,1,1,2
intellig,0,1,1
intelligence,38,96,134
intelligent,1,19,20
intelligently,3,2,5
intend,0,1,1
intense,0,1,1
intensive,1,0,1
intent,1,1,2
intentions,1,0,1
interested,0,1,1
interesting,2,5,7
interfe,1,0,1
interference,1,0,1
interfering,1,0,1
international,1,1,2
interview,1,3,4
interviewed,1,1,2
interviewing,1,2,3
interviews,0,2,2
inthistogethe,0,2,2
intimidate,1,0,1
introducing,0,1,1
invaluable,0,1,1
inventory,1,0,1
invested,2,0,2
investigate,2,4,6
investigation,4,6,10
investigational,0,4,4
investigations,0,1,1
investigators,1,1,2
investing,0,1,1
investment,0,3,3
investments,2,0,2
invisible,1,0,1
invite,1,0,1
involved,4,1,5
involves,0,1,1
ion,1,0,1
ip,2,0,2
ipad,2,0,2
iphone,9,10,19
iphones,0,1,1
ipo,0,1,1
iq,1,0,1
iran,13,2,15
irgc,1,0,1
isis,2,3,5
islamic,1,0,1
isnt,2,0,2
issue,1,2,3
issues,1,5,6
issuing,2,0,2
itbut,1,0,1
ive,1,4,5
jack,0,1,1
jackson,0,3,3
jail,4,1,5
james,1,2,3
january,1,6,7
japan,2,7,9
jay,1,1,2
jeb,0,1,1
jeff,2,6,8
jeh,1,0,1
jersey,2,3,5
jerusalem,0,1,1
jet,0,1,1
jihadis,0,1,1
jinping,3,5,8
job,10,10,20
jobs,28,28,56
joe,15,10,25
john,2,12,14
johnathan,1,0,1
johnson,1,1,2
join,0,8,8
joining,0,2,2
joint,0,2,2
joke,2,1,3
jokeste,1,0,1
jokingly,1,1,2
jones,0,1,1
jong,3,5,8
jordan,0,2,2
joseph,0,1,1
journal,3,1,4
journos,0,2,2
jpmorgan,0,1,1
ju,0,2,2
judge,2,7,9
judged,1,0,1
judges,1,0,1
judicial,2,1,3
judiciary,0,1,1
jump,0,1,1
june,0,4,4
just,47,55,102
justice,2,3,5
kaepernick,0,1,1
kag,0,4,4
karl,0,2,2
kavanaugh,0,1,1
keepfighting,0,1,1
keeping,0,4,4
keeps,2,0,2
ken,0,1,1
kennedy,0,2,2
ker,1,1,2
kevin,1,0,1
key,0,3,3
keynote,0,1,1
keys,0,1,1
kick,0,2,2
kidding,0,2,2
kill,0,1,1
kille,1,0,1
killed,1,0,1
killers,0,1,1
killing,1,1,2
kills,1,0,1
kim,4,8,12
kind,0,4,4
king,1,0,1
kingdom,0,1,1
kissinge,0,1,1
kitchen,1,0,1
knew,0,2,2
know,9,12,21
knowing,0,1,1
knowingly,1,0,1
knowledge,0,2,2
known,0,1,1
knows,1,2,3
kong,1,2,3
korea,17,23,40
korean,0,3,3
krugman,0,1,1
krzanich,0,1,1
ks,2,4,6
ksm,0,1,1
kudlow,0,3,3
kurds,0,1,1
lack,2,0,2
laden,0,3,3
lady,0,1,1
lago,1,2,3
lamestream,4,3,7
land,0,1,1
language,0,2,2
lap,2,0,2
lapdogs,0,1,1
large,14,23,37
largely,0,1,1
largest,2,3,5
larry,0,2,2
las,2,0,2
late,2,3,5
latest,1,6,7
latte,0,2,2
laugh,0,1,1
laughing,2,2,4
laughingstock,2,0,2
launch,2,2,4
launched,2,3,5
laura,0,1,1
lava,5,0,5
lavars,1,0,1
law,3,6,9
lawful,0,2,2
laws,0,2,2
lawye,1,1,2
lawyers,1,1,2
layoffs,0,1,1
lead,1,5,6
leade,0,7,7
leaderboard,0,1,1
leaders,4,3,7
leadership,2,6,8
leading,0,1,1
leads,2,0,2
leak,2,1,3
leake,1,1,2
leaked,1,1,2
leaking,1,1,2
leaks,1,0,1
leap,0,1,1
learn,5,6,11
learned,1,1,2
learning,2,2,4
leave,1,0,1
leaving,9,6,15
led,1,0,1
left,13,9,22
leftist,0,2,2
legal,0,1,1
legalized,0,1,1
legislate,1,0,1
legislation,0,1,1
legislative,2,0,2
legitimate,1,0,1
length,1,2,3
lengthy,0,1,1
lessen,1,0,1
let,8,4,12
lets,1,2,3
letters,0,1,1
letting,0,2,2
level,1,14,15
levels,1,2,3
lia,0,9,9
liangelo,1,0,1
liberal,1,2,3
liberals,0,2,2
lies,2,5,7
life,1,3,4
lifeline,0,1,1
lifted,0,1,1
light,0,2,2
lighten,0,1,1
lighthize,0,1,1
like,19,30,49
liked,2,0,2
likely,0,1,1
likes,0,1,1
likewise,1,3,4
limbaugh,0,1,1
limit,1,0,1
limited,0,1,1
limits,2,0,2
line,2,4,6
lineup,0,1,1
lip,2,0,2
liquid,2,0,2
list,0,1,1
listen,0,1,1
listened,3,1,4
listening,1,2,3
literally,1,0,1
literate,1,0,1
lithium,1,0,1
little,8,6,14
liu,0,2,2
live,5,2,7
lives,4,7,11
living,2,1,3
liyuan,0,1,1
ll,4,3,7
lll,0,1,1
loan,2,0,2
loaned,1,0,1
loaning,1,0,1
loans,1,0,1
lobbyist,1,0,1
lobbyists,0,1,1
lobsters,0,1,1
local,2,7,9
location,0,1,1
lock,1,0,1
lockdowns,2,0,2
lockheed,0,1,1
long,12,19,31
longe,6,2,8
longest,0,2,2
look,7,30,37
looked,0,1,1
looking,10,16,26
looks,4,4,8
loopholes,0,1,1
looted,1,0,1
los,1,2,3
lose,3,2,5
losing,10,1,11
loss,2,0,2
lost,18,0,18
lot,1,7,8
lots,0,1,1
lottery,1,4,5
loudly,0,1,1
louisianans,0,2,2
love,4,5,9
loved,0,3,3
loves,0,3,3
low,7,10,17
lowe,4,6,10
lowest,7,6,13
loyalty,1,0,1
lt,0,1,1
luck,2,0,2
lucky,1,0,1
lying,3,3,6
ma,1,2,3
mac,0,7,7
machine,0,1,1
machines,1,0,1
macron,0,2,2
macy,0,3,3
macys,1,0,1
madame,0,1,1
maga,2,6,8
magazines,1,0,1
magic,1,0,1
maguire,0,3,3
mail,7,6,13
mailboxes,0,2,2
mails,1,0,1
maine,2,1,3
mainstream,2,1,3
maintain,2,0,2
maintained,1,0,1
majo,9,8,17
majority,2,0,2
make,21,39,60
makeamericagreatagain,0,3,3
makes,2,1,3
making,4,13,17
man,2,9,11
mana,0,2,2
manafo,0,1,1
manage,1,0,1
management,1,0,1
mancheste,0,3,3
mandated,0,1,1
manipulated,1,0,1
manipulating,0,1,1
manipulation,3,1,4
manipulato,0,2,2
manne,1,2,3
mans,1,0,1
manufactured,0,1,1
manufacturers,4,3,7
manufacturing,5,3,8
marauders,0,1,1
march,1,2,3
marcus,1,0,1
mario,1,0,1
mark,2,0,2
market,59,84,143
markets,5,7,12
martin,0,1,1
mary,1,0,1
maryland,1,0,1
masks,0,1,1
massive,9,16,25
massively,1,1,2
match,0,5,5
matt,0,1,1
matte,2,5,7
matthews,0,1,1
max,0,2,2
maximum,1,0,1
maybe,3,4,7
mccarthy,1,0,1
mccarthyism,0,1,1
mcconnell,0,1,1
mccullough,1,0,1
mcculloughfm,1,0,1
mean,1,1,2
means,2,2,4
meant,0,3,3
meantime,6,6,12
measures,0,3,3
meddle,0,1,1
meddling,1,0,1
media,26,15,41
medical,0,5,5
medicare,0,2,2
medications,2,0,2
meet,0,2,2
meeting,6,28,34
meetings,2,9,11
megadroughts,1,0,1
melania,0,2,2
membe,0,2,2
members,0,1,1
memo,0,1,1
memorandum,0,2,2
memorialday,0,2,2
memory,1,0,1
men,0,1,1
menace,0,1,1
mental,1,2,3
mention,1,1,2
mentions,2,0,2
merit,1,1,2
mess,1,0,1
message,1,2,3
messages,0,2,2
messiah,0,1,1
met,1,3,4
mexico,9,5,14
miami,0,2,2
micha,1,0,1
michael,0,4,4
michigan,4,2,6
microsoft,0,1,1
middle,2,1,3
midst,0,2,2
midterms,0,1,1
migration,2,3,5
mildly,3,0,3
miles,2,1,3
military,12,12,24
militsry,1,0,1
million,14,11,25
millionaires,1,0,1
millions,6,1,7
mind,1,0,1
mindful,0,2,2
minds,0,1,1
minimum,0,1,1
ministe,0,2,2
minnesotas,0,1,1
minute,1,0,1
mischaracterized,1,0,1
miserably,1,0,1
mishandling,2,0,2
misled,1,0,1
misquoted,0,2,2
miss,1,0,1
missed,4,0,4
missile,1,0,1
missing,1,0,1
mistake,1,1,2
mistakenly,1,0,1
mitch,0,2,2
mitigation,0,2,2
mitt,2,0,2
mnuchin,0,1,1
mo,0,1,1
model,0,3,3
models,2,0,2
modern,1,2,3
mogul,0,1,1
moines,0,1,1
momentum,1,0,1
monday,0,1,1
monetary,2,0,2
money,13,17,30
moni,0,1,1
monike,0,1,1
month,3,4,7
months,6,5,11
mood,0,1,1
moon,0,1,1
moore,1,0,1
morici,2,0,2
morning,0,2,2
mortality,4,0,4
moscow,0,1,1
mostintelligentrealityshow,0,1,1
motivated,0,1,1
motive,0,1,1
motors,2,2,4
moved,1,1,2
moves,1,1,2
moving,4,9,13
msm,0,1,1
mt,0,2,2
mtg,0,1,1
mudd,2,0,2
muelle,7,3,10
multiple,4,0,4
murde,2,0,2
nafta,2,1,3
naive,1,1,2
naively,0,1,1
named,0,3,3
names,0,2,2
nancy,3,0,3
napoleon,0,1,1
narrative,2,3,5
nasa,0,1,1
nasdaq,1,1,2
nasty,1,1,2
nation,2,8,10
national,4,14,18
nationally,0,5,5
nationals,0,1,1
nations,3,8,11
nato,3,2,5
natur,1,0,1
natural,0,2,2
naval,0,2,2
navarro,1,1,2
navy,2,0,2
nazi,1,0,1
nba,1,0,1
nbc,0,1,1
nc,0,2,2
ncgopcon,0,1,1
nclisten,2,0,2
nd,1,3,4
ne,2,0,2
nea,3,2,5
nearly,0,1,1
necessary,3,4,7
need,5,19,24
needed,2,2,4
needs,1,4,5
negative,1,0,1
negotiate,0,3,3
negotiated,0,1,1
negotiating,1,1,2
negotiation,2,2,4
negotiations,5,7,12
negotiators,0,3,3
neighbo,1,0,1
neithe,1,0,1
nervous,1,0,1
net,2,0,2
network,1,1,2
networks,1,0,1
nevadas,0,2,2
neve,16,19,35
new,35,67,102
newamerica,0,1,1
newest,0,1,1
news,39,24,63
newscast,1,0,1
newspape,3,0,3
nfl,2,0,2
nhpolitics,0,1,1
nice,1,4,5
nicely,1,3,4
nicest,0,2,2
night,3,5,8
nih,2,6,8
nihs,0,2,2
nike,1,3,4
noko,1,1,2
nominated,0,2,2
nomination,1,1,2
non,6,0,6
nonsense,1,1,2
north,17,26,43
northeast,0,2,2
notachoice,1,0,1
notes,1,0,1
notice,0,2,2
noticed,0,1,1
novartis,0,1,1
novel,0,2,2
novembe,5,2,7
nuclea,2,2,4
numbe,6,4,10
numbers,9,12,21
nurses,2,0,2
nursing,2,2,4
nuts,1,0,1
ny,0,4,4
nyc,0,1,1
oann,1,2,3
oath,0,1,1
obama,12,24,36
obamacare,1,0,1
obamagate,0,1,1
obligati,0,1,1
observation,0,2,2
obstruct,1,0,1
obstruction,6,0,6
obtained,0,1,1
obvious,1,1,2
obviously,0,1,1
occupy,1,0,1
oct,0,1,1
octobe,0,4,4
odds,0,1,1
office,9,7,16
officers,0,1,1
official,3,2,5
officially,0,3,3
officials,2,5,7
oh,2,0,2
ohio,2,1,3
oig,0,1,1
oil,2,1,3
ok,1,6,7
oklahomas,2,0,2
old,3,2,5
olde,0,4,4
oligarchs,0,1,1
olivia,0,1,1
ominous,0,2,2
ones,4,0,4
ongoing,0,5,5
opec,2,0,2
oped,0,2,2
open,3,2,5
opened,2,1,3
opening,0,1,1
openings,0,1,1
openly,1,1,2
operation,2,2,4
operative,1,0,1
opinions,0,1,1
opponent,3,0,3
opportunity,1,3,4
opposite,2,0,2
opposition,0,2,2
ops,0,1,1
opsec,0,1,1
optimism,0,3,3
option,1,0,1
orato,0,1,1
orde,5,6,11
ordered,2,0,2
ordering,0,2,2
orders,1,2,3
organization,0,1,1
organizations,1,0,1
original,1,0,1
originally,1,0,1
orwells,0,2,2
othe,32,29,61
ou,78,182,260
ought,0,1,1
outbreak,6,6,12
outdated,1,0,1
outlook,0,1,1
outpacing,1,1,2
outrage,0,1,1
outrageous,5,0,5
outside,1,1,2
outstanding,0,4,4
oval,3,0,3
ove,25,21,46
overdue,1,1,2
overflow,2,0,2
overruns,0,1,1
overstated,2,0,2
overstock,1,0,1
overthrow,0,1,1
owes,0,2,2
owns,1,0,1
pa,6,12,18
pac,0,1,1
pace,0,1,1
pacific,0,1,1
package,0,1,1
page,1,2,3
pages,2,0,2
paid,11,8,19
pain,2,1,3
paint,1,0,1
pakistani,0,1,1
palmisano,0,1,1
pande,1,0,1
pandemic,4,8,12
panel,0,2,2
panicking,0,1,1
panthers,1,0,1
pape,1,1,2
papers,1,1,2
paris,0,3,3
partially,0,1,1
participants,1,2,3
particula,1,2,3
particularly,1,2,3
partne,2,0,2
parts,0,9,9
party,1,3,4
pass,1,2,3
passage,0,1,1
passed,2,2,4
passing,0,1,1
passive,1,0,1
past,5,7,12
pathetic,1,1,2
patie,0,2,2
patients,6,5,11
patrick,0,2,2
patriot,1,4,5
patriotic,0,1,1
patriots,1,1,2
paul,0,5,5
pause,0,1,1
pay,8,8,16
paycheckprotectionprogram,0,2,2
paying,11,2,13
payments,0,4,4
payroll,2,0,2
pays,1,0,1
pe,0,4,4
peak,2,0,2
peaked,2,0,2
pearl,0,1,1
pelosi,2,1,3
pelosis,0,2,2
penalties,2,0,2
penalty,1,0,1
peng,0,1,1
pennsylvania,0,1,1
pentagon,0,2,2
people,31,45,76
peoples,0,2,2
percent,1,0,1
percentage,0,2,2
perdue,0,1,1
performance,0,2,2
performing,1,0,1
period,0,1,1
perks,0,1,1
perpetrated,0,1,1
persistent,2,0,2
person,3,1,4
personable,0,1,1
personal,0,3,3
pertained,1,0,1
pertains,1,0,1
pete,2,2,4
pfize,1,5,6
pharma,0,1,1
pharmaceuticals,0,1,1
phase,2,9,11
phenomenal,0,1,1
phillip,1,0,1
philly,1,0,1
phone,1,5,6
phones,2,2,4
phony,3,0,3
picked,1,0,1
pickens,1,0,1
picture,1,0,1
pie,0,1,1
piece,0,1,1
piggy,0,1,1
pillaging,0,2,2
pillsbury,0,1,1
pla,0,1,1
place,5,3,8
placed,3,1,4
places,2,4,6
placing,0,1,1
plain,1,1,2
plan,0,5,5
plane,0,1,1
planes,0,2,2
planning,0,1,1
plant,3,0,3
planted,0,2,2
plants,4,1,5
plasma,2,0,2
plate,0,1,1
play,1,1,2
playbook,0,1,1
players,1,1,2
playing,2,7,9
pleased,0,8,8
pledged,0,1,1
pledging,0,1,1
plenty,3,1,4
plunged,1,0,1
plunges,2,0,2
plus,3,1,4
pm,0,3,3
podestas,0,1,1
point,1,4,5
points,7,4,11
poised,0,2,2
poison,1,0,1
poisonous,1,0,1
poland,0,1,1
polic,0,1,1
policies,2,6,8
policing,1,0,1
polish,0,1,1
politely,0,1,1
political,3,3,6
politically,0,2,2
politicians,1,3,4
politicizing,2,0,2
politics,3,0,3
poll,1,5,6
polling,1,1,2
polls,0,4,4
pollution,1,0,1
pompeo,0,1,1
poo,1,4,5
poorly,3,2,5
popefrancis,0,2,2
popovich,0,1,1
population,1,2,3
pork,0,2,2
portrayed,0,1,1
position,3,2,5
positive,0,8,8
positivity,2,4,6
possible,8,2,10
possibly,2,0,2
post,4,3,7
postal,1,1,2
posted,0,1,1
posts,0,1,1
potential,3,9,12
pound,0,1,1
pouring,4,3,7
powe,0,3,3
powell,1,2,3
powerful,0,2,2
powers,2,1,3
ppe,1,0,1
ppl,2,0,2
pr,0,1,1
practically,0,1,1
practice,1,2,3
practices,2,2,4
praise,0,1,1
pray,0,2,2
prays,1,0,1
pre,2,0,2
predictability,0,1,1
predicted,1,0,1
prefe,0,1,1
premie,1,4,5
preparation,0,2,2
preparations,0,2,2
prepared,0,1,1
preparedness,0,2,2
preparing,0,2,2
prescription,2,2,4
present,0,2,2
presents,0,5,5
president,40,109,149
presidential,3,5,8
presidents,5,2,7
presidenttrump,0,1,1
press,3,2,5
pressure,3,3,6
pressured,1,0,1
presumptive,0,2,2
pretext,0,2,2
prevent,0,9,9
preview,0,2,2
previous,3,0,3
prez,1,1,2
price,1,2,3
prices,4,5,9
pricing,0,1,1
primary,0,3,3
prime,0,2,2
print,0,2,2
prio,1,3,4
priorities,0,2,2
prison,1,0,1
private,0,5,5
pro,0,7,7
proactive,0,2,2
probably,3,1,4
probe,2,0,2
problem,12,11,23
problems,1,2,3
process,5,4,9
processors,0,2,2
produce,5,3,8
produced,3,1,4
produces,2,2,4
producing,0,2,2
product,11,9,20
production,0,1,1
productive,0,4,4
products,6,14,20
professo,0,3,3
profitability,1,0,1
profits,0,1,1
program,0,5,5
programs,1,2,3
progress,2,12,14
project,1,0,1
projected,0,1,1
prominently,0,1,1
promise,0,1,1
promised,1,3,4
proof,0,1,1
propaganda,0,1,1
properly,2,0,2
property,7,10,17
proposing,0,1,1
prospect,1,0,1
prosperity,0,1,1
protect,0,19,19
protecting,1,7,8
protection,0,2,2
protectionist,2,0,2
protects,0,1,1
protein,2,0,2
proteins,2,0,2
protesting,0,1,1
proud,0,5,5
proven,4,3,7
provide,0,6,6
provided,0,2,2
providers,0,2,2
provides,0,2,2
providing,0,4,4
provocative,1,0,1
public,4,5,9
published,2,0,2
pullback,0,1,1
pulling,1,0,1
pump,1,0,1
pumping,2,2,4
punch,0,1,1
puppet,1,1,2
purchaes,0,1,1
purchase,0,1,1
purchases,0,2,2
purchasing,0,3,3
purpo,0,1,1
purporting,1,0,1
pursue,0,1,1
push,0,5,5
pushed,1,0,1
pushers,1,0,1
pushing,0,1,1
putin,0,3,3
puts,0,2,2
putt,1,0,1
putting,0,5,5
qualcomm,0,1,1
quality,0,4,4
quantitative,2,1,3
quantities,0,1,1
quarantine,0,2,2
quarte,3,0,3
question,1,3,4
questions,2,0,2
quickly,0,3,3
quietly,2,0,2
quit,0,3,3
race,2,3,5
radical,5,6,11
rag,1,0,1
raid,0,1,1
raise,0,2,2
raised,1,0,1
raising,2,1,3
rallies,0,1,1
rally,2,4,6
rampant,0,2,2
ranchers,3,3,6
rand,0,2,2
ranking,0,1,1
rant,0,1,1
rapidly,5,0,5
rarely,0,1,1
rasmussen,0,1,1
ratcliffe,1,2,3
rate,14,6,20
rated,0,2,2
rates,5,14,19
rathe,1,5,6
rating,0,2,2
ratings,2,0,2
rational,0,1,1
reach,0,1,1
reached,1,4,5
reacting,2,0,2
reaction,0,1,1
read,3,5,8
ready,0,2,2
reagan,0,2,2
real,4,9,13
reality,1,1,2
realize,0,2,2
really,9,14,23
reason,6,2,8
reasonably,0,2,2
reasons,0,2,2
reauthorize,0,1,1
rebuilding,0,2,2
rebuilt,4,0,4
receive,1,5,6
received,1,4,5
receiving,2,2,4
recent,2,3,5
recently,2,0,2
recession,1,0,1
recieve,0,1,1
reciprocal,1,2,3
reciprocated,2,0,2
reclamation,1,0,1
recognize,0,1,1
recommend,2,0,2
recommendation,0,1,1
recommendations,0,2,2
record,18,38,56
recorded,2,0,2
records,1,1,2
recovered,4,2,6
recovery,0,1,1
red,1,0,1
redirect,1,0,1
reduce,0,4,4
reducing,0,1,1
reduction,1,3,4
reed,0,1,1
referral,2,0,2
referred,0,2,2
referring,0,1,1
reflective,0,1,1
reflects,0,1,1
reform,1,3,4
reforme,1,0,1
refusal,1,0,1
refuse,1,1,2
refused,1,0,1
refuses,1,0,1
reg,0,1,1
regard,0,1,1
regarding,1,2,3
regards,0,1,1
registe,0,2,2
registered,1,0,1
regs,0,1,1
regula,0,2,2
regulation,1,1,2
regulations,2,0,2
rel,0,1,1
related,2,3,5
relates,0,2,2
relations,0,1,1
relationship,1,19,20
relationships,0,1,1
relative,1,0,1
relax,0,2,2
release,1,3,4
released,3,7,10
releases,0,2,2
relevant,0,1,1
relief,0,8,8
religious,0,1,1
relocate,1,0,1
remain,1,3,4
remainde,0,1,1
remaining,3,1,4
remains,0,1,1
remem,0,2,2
remembe,8,4,12
remote,0,2,2
remove,0,4,4
removed,0,1,1
reneged,0,2,2
renegotiate,3,0,3
renegotiated,3,0,3
renewal,0,1,1
rep,0,1,1
repeatedly,1,0,1
replacement,1,0,1
replenish,1,0,1
repo,8,18,26
reporte,1,0,1
reported,11,3,14
reporters,2,0,2
reporting,7,2,9
reports,4,0,4
repr,1,0,1
representative,2,0,2
representatives,0,4,4
represented,2,2,4
republic,0,3,3
republican,2,8,10
republicans,2,3,5
reputation,0,2,2
request,1,5,6
requested,1,0,1
research,1,1,2
reserve,3,5,8
resident,0,4,4
resilience,2,0,2
resolution,0,1,1
resolved,0,3,3
resources,0,2,2
respect,1,6,7
respected,2,5,7
respective,0,1,1
respirators,0,2,2
respiratory,0,2,2
respond,0,4,4
responders,0,2,2
responding,0,3,3
response,4,14,18
responsibility,0,2,2
responsible,2,3,5
rest,2,0,2
resta,0,1,1
restaurants,2,0,2
restrictions,2,0,2
result,1,5,6
results,3,6,9
resume,0,2,2
retail,0,1,1
retaliate,2,0,2
retaliation,0,1,1
retired,0,1,1
retirement,2,1,3
retraining,0,1,1
retrospective,2,0,2
return,0,1,1
returned,1,2,3
reuters,1,0,1
revealed,3,0,3
revenues,2,0,2
review,0,1,1
reviews,0,2,2
revoked,1,0,1
revolve,2,0,2
rice,0,1,1
richard,1,7,8
richardson,2,0,2
riche,1,0,1
rick,0,1,1
ridiculous,5,2,7
ridiculously,2,0,2
rifle,0,1,1
rigged,1,4,5
right,5,19,24
rights,0,1,1
rioters,4,0,4
ripoff,2,0,2
ripped,3,0,3
ripping,1,0,1
rips,1,0,1
risch,0,1,1
rise,1,1,2
rising,2,0,2
risk,2,6,8
robe,2,1,3
robust,0,2,2
roche,0,2,2
rock,0,1,1
rocket,2,0,2
rockets,1,0,1
rogue,0,1,1
role,0,2,2
rolling,2,2,4
rollout,0,1,1
romney,1,0,1
ronald,0,2,2
roof,1,0,1
room,0,2,2
rosie,1,0,1
ross,2,1,3
rough,0,1,1
round,0,2,2
rounds,1,0,1
rove,0,2,2
row,1,0,1
rubio,0,2,2
rule,0,2,2
ruled,1,0,1
rules,4,5,9
rumo,0,1,1
run,3,3,6
runnig,0,1,1
running,2,2,4
rush,0,3,3
russia,16,25,41
russian,8,6,14
russians,1,1,2
sabotage,1,0,1
sachs,6,1,7
sacred,0,1,1
sad,1,0,1
sadly,4,1,5
safe,0,3,3
safeguard,0,2,2
safety,0,6,6
said,15,15,30
salary,0,2,2
sale,0,2,2
sales,1,3,4
salute,0,2,2
salvageable,1,0,1
sam,0,1,1
sample,0,2,2
samsung,3,1,4
san,0,2,2
sanction,0,1,1
sanctions,3,2,5
sanders,2,0,2
sanitize,0,2,2
sanitized,2,0,2
santilli,0,2,2
sara,0,1,1
sarcastic,0,1,1
sat,1,0,1
satisfies,0,1,1
saudi,0,2,2
saudis,0,1,1
save,1,6,7
saved,1,2,3
saving,2,0,2
saw,0,2,2
say,1,10,11
saying,4,3,7
says,8,4,12
sc,1,0,1
scale,2,2,4
scam,6,5,11
scandal,1,2,3
scare,1,0,1
scheduled,0,2,2
scheme,1,0,1
schiff,3,3,6
schmidt,0,1,1
scholarships,0,1,1
school,3,0,3
schume,4,2,6
schweize,0,1,1
sciencenews,0,1,1
scoffed,0,1,1
scolded,1,0,1
scope,1,0,1
screaming,0,1,1
screen,9,5,14
screens,0,1,1
screwing,1,0,1
se,0,1,1
search,0,1,1
season,0,1,1
second,0,5,5
secret,0,1,1
secretary,0,5,5
secto,0,3,3
secure,1,3,4
secures,0,1,1
securing,0,1,1
security,8,7,15
seeing,1,3,4
seek,2,0,2
seen,5,1,6
sees,0,1,1
seldom,1,0,1
selecting,0,1,1
sell,2,0,2
sells,5,0,5
sen,0,2,2
senate,12,16,28
senato,6,5,11
senators,0,2,2
send,0,1,1
sending,0,4,4
sense,1,7,8
sent,5,1,6
sentence,1,0,1
separately,1,0,1
septembe,0,4,4
seriously,1,0,1
servants,1,0,1
serve,2,2,4
servers,1,0,1
serves,0,2,2
service,0,3,3
services,1,4,5
serving,0,1,1
sessions,2,0,2
set,2,4,6
setting,2,3,5
settings,2,0,2
settle,1,0,1
setup,1,0,1
seven,0,1,1
severe,0,2,2
shake,0,1,1
shameless,0,2,2
shanahan,0,1,1
shape,1,0,1
shapes,0,2,2
share,1,2,3
shared,0,1,1
shares,0,2,2
sharing,0,2,2
sharply,0,2,2
sheltering,0,1,1
shelves,0,1,1
shes,0,1,1
shift,1,0,1
shining,0,1,1
ship,0,3,3
shipped,1,1,2
sho,2,4,6
shoes,0,1,1
shooting,1,0,1
shop,0,1,1
shoplifting,3,0,3
shortage,0,2,2
shortly,1,3,4
shot,2,0,2
shouldnt,1,1,2
showed,0,1,1
showing,2,0,2
shown,1,0,1
shows,3,6,9
shrank,1,0,1
shutdown,0,1,1
sick,2,1,3
sided,2,1,3
sides,0,3,3
siege,1,0,1
sight,2,1,3
sign,0,5,5
signals,0,1,1
signed,2,4,6
significant,4,2,6
significantly,2,0,2
signing,0,3,3
signs,1,3,4
simila,2,1,3
simple,3,2,5
simply,0,3,3
sincerely,0,1,1
singapore,0,1,1
single,0,3,3
sink,1,0,1
sit,3,1,4
site,0,3,3
sits,0,1,1
sitting,2,1,3
situation,3,2,5
size,3,1,4
skipped,0,1,1
skorea,0,1,1
sky,0,2,2
slackers,0,1,1
slammed,2,1,3
slams,1,0,1
sleazebags,0,1,1
sleeping,1,0,1
sleepy,9,4,13
slow,6,9,15
slowe,1,1,2
slowest,1,1,2
slowing,0,2,2
slowly,2,0,2
slowthespread,0,2,2
sma,0,3,3
small,8,10,18
smalle,0,1,1
smallest,1,0,1
smarte,0,1,1
smartly,1,0,1
smashed,1,0,1
smooth,0,1,1
snowden,2,1,3
soa,0,1,1
social,2,10,12
societys,0,2,2
softball,1,0,1
sold,3,1,4
solution,5,2,7
solutions,2,0,2
solve,2,7,9
solved,0,1,1
somebody,1,3,4
son,6,1,7
soon,4,8,12
soonlong,1,0,1
sooo,2,0,2
soooo,0,2,2
sophie,0,2,2
sorry,4,0,4
sorts,1,0,1
sotu,1,0,1
soul,0,1,1
sound,3,2,5
sounds,1,0,1
source,1,2,3
south,0,7,7
soybeans,1,1,2
sp,0,2,2
space,0,5,5
spacex,0,1,1
span,0,1,1
speak,0,1,1
speake,0,1,1
speaking,1,3,4
special,0,3,3
specific,0,2,2
spectacula,0,1,1
speech,1,0,1
speed,0,7,7
spend,0,4,4
spending,2,4,6
spends,0,1,1
spent,2,3,5
spied,1,0,1
spike,2,0,2
spinning,2,0,2
spiral,1,0,1
spirit,1,2,3
spit,0,1,1
spoiled,0,1,1
spoke,4,3,7
spoken,1,0,1
sports,2,0,2
spot,1,1,2
spread,10,20,30
spreading,0,4,4
spy,1,5,6
spygate,0,1,1
spying,0,2,2
square,2,0,2
st,2,7,9
sta,8,11,19
stability,0,2,2
stable,0,2,2
staff,0,1,1
stage,0,1,1
stages,0,2,2
stale,0,1,1
stamina,0,1,1
stance,1,1,2
stand,1,3,4
standing,1,2,3
stands,0,1,1
started,1,10,11
starting,2,11,13
startup,0,1,1
starving,0,1,1
state,7,13,20
stated,4,4,8
statement,3,8,11
statements,0,2,2
states,25,35,60
station,1,0,1
status,0,1,1
stay,1,5,6
staying,1,0,1
steadfast,0,2,2
steal,0,2,2
stealing,3,0,3
steals,1,0,1
steaming,0,2,2
stee,1,0,1
steel,2,0,2
steele,3,1,4
stem,1,0,1
step,0,4,4
stepping,0,2,2
steps,0,5,5
steve,10,3,13
stick,0,1,1
stimulus,2,2,4
stock,64,100,164
stockale,0,1,1
stocked,0,2,2
stockholde,0,1,1
stockmarket,1,0,1
stockpile,5,2,7
stockpiles,0,1,1
stocks,7,16,23
stole,1,0,1
stolen,3,0,3
stood,1,0,1
stop,9,10,19
stopped,1,0,1
stops,0,1,1
stores,0,2,2
stories,1,0,1
story,5,4,9
straight,1,0,1
strains,0,1,1
strange,0,1,1
streak,0,1,1
street,4,1,5
strength,1,3,4
strengthening,0,1,1
stricken,0,1,1
strong,10,26,36
stronge,4,4,8
strongest,1,1,2
strongly,1,4,5
structural,0,3,3
structure,3,0,3
strzok,0,1,1
stu,1,0,1
students,2,0,2
studies,2,0,2
studio,0,1,1
study,10,1,11
studying,1,0,1
stunning,0,1,1
stupid,3,0,3
stupidity,2,2,4
stupidly,2,0,2
subject,2,2,4
subjects,0,5,5
subpoena,4,0,4
subpoenaed,1,0,1
subpoenas,1,0,1
subsidize,2,0,2
subsidizes,2,1,3
subsidizing,2,0,2
substance,1,1,2
substantial,0,2,2
substantially,0,2,2
succeeded,1,0,1
success,0,3,3
successful,1,2,3
successfully,1,0,1
sucks,1,0,1
suffering,2,0,2
suggest,0,3,3
suggested,1,1,2
suggests,0,4,4
suing,1,0,1
summe,0,2,2
summit,0,3,3
sums,1,1,2
supe,0,3,3
superma,0,1,1
supervisory,0,1,1
supplementimmediately,0,1,1
suppliers,2,1,3
supplies,0,4,4
supply,3,6,9
suppo,7,14,21
support,0,1,1
supporte,0,1,1
supported,1,0,1
supporting,0,3,3
supports,0,3,3
supposed,2,0,2
supposedly,1,0,1
suppression,0,1,1
supremacy,0,1,1
supreme,2,2,4
sure,1,3,4
surfaces,0,2,2
surge,0,1,1
surging,0,1,1
surplus,1,0,1
surprised,0,2,2
surrounded,0,1,1
surveillance,0,5,5
surveyed,2,0,2
suspended,3,1,4
suspending,0,1,1
suspends,1,0,1
suspension,0,1,1
suvs,1,0,1
swamp,0,1,1
swiftly,1,0,1
swore,0,1,1
sworn,0,1,1
symptoms,4,4,8
synthetic,1,0,1
syria,2,3,5
systems,1,0,1
table,0,2,2
taken,12,6,18
takes,1,1,2
taking,11,11,22
talent,0,3,3
talented,1,1,2
talk,3,8,11
talked,0,2,2
talking,3,10,13
talks,2,13,15
tank,1,1,2
tanked,1,0,1
targeted,1,4,5
targeting,1,1,2
targets,0,1,1
tariff,6,11,17
tariffed,7,0,7
tariffs,44,41,85
tarp,1,0,1
tarrifs,0,2,2
tata,0,1,1
tax,19,13,32
taxed,0,4,4
taxes,1,7,8
taxpaye,1,0,1
te,0,2,2
teachers,0,1,1
team,1,3,4
teams,0,2,2
teamwork,0,2,2
tech,0,1,1
technology,0,7,7
ted,3,3,6
telehealth,0,4,4
telemedicine,0,2,2
telephone,2,1,3
telework,0,2,2
tell,2,2,4
telling,0,1,1
tells,0,1,1
tenacious,0,1,1
tenfold,2,0,2
tens,3,0,3
tensions,0,1,1
term,1,4,5
terminate,0,1,1
terrible,4,2,6
terrorist,1,1,2
terrorists,0,2,2
test,0,4,4
teste,0,2,2
tested,0,2,2
testified,1,0,1
testify,1,0,1
testimony,2,1,3
testing,1,16,17
texas,5,6,11
texting,0,1,1
th,5,9,14
thank,0,42,42
thankful,0,5,5
thanking,0,2,2
thanks,3,18,21
thanksgiving,1,2,3
thats,11,4,15
theft,6,3,9
thei,42,34,76
theirs,0,1,1
theory,0,1,1
theres,5,0,5
theview,1,0,1
theyre,5,1,6
theyve,3,0,3
thing,4,9,13
things,9,19,28
think,19,11,30
thinking,1,3,4
thinks,0,1,1
thought,6,4,10
thoughts,0,1,1
thousand,1,0,1
thousands,4,5,9
threat,2,2,4
threatening,1,0,1
threats,0,1,1
thrilled,0,4,4
tight,1,0,1
tightening,2,1,3
tim,2,3,5
time,22,53,75
timed,1,0,1
times,5,11,16
timing,0,1,1
tiny,0,1,1
tired,0,3,3
title,0,1,1
today,20,33,53
todays,0,1,1
togethe,4,12,16
togetherapa,0,2,2
tokyo,0,1,1
told,4,7,11
toll,2,0,2
tom,2,2,4
tomorrow,2,8,10
tonight,0,8,8
took,6,4,10
tool,1,5,6
toolkit,0,2,2
tools,0,3,3
topics,0,1,1
total,3,11,14
totally,3,3,6
touch,2,0,2
touched,2,0,2
tough,2,5,7
toughe,3,1,4
toughest,0,2,2
tourism,0,1,1
towar,0,1,1
town,2,2,4
track,2,2,4
trade,44,63,107
tradecraft,1,0,1
trading,0,3,3
traffic,0,2,2
trained,0,1,1
traito,1,0,1
transaction,0,2,2
transactions,1,0,1
transcript,2,0,2
transfe,0,2,2
transfers,0,4,4
transition,0,1,1
transmission,2,2,4
transparency,1,0,1
trash,1,0,1
trashes,0,1,1
travel,2,3,5
traveling,0,2,2
tre,2,0,2
treasure,0,1,1
treasury,1,2,3
treated,2,3,5
treatment,2,5,7
tree,0,1,1
tremendous,4,8,12
trend,2,0,2
trey,0,1,1
triage,0,2,2
trial,3,5,8
tribal,0,4,4
tried,3,1,4
tries,2,1,3
trill,1,0,1
trillion,6,4,10
trillions,2,1,3
trip,1,1,2
trishintel,1,0,1
troops,0,2,2
trope,0,2,2
trouble,1,1,2
trove,0,1,1
truck,0,1,1
true,3,12,15
truly,1,5,6
trumans,1,0,1
trump,36,76,112
trumpforpresident,0,1,1
trumps,1,4,5
trumpvlog,0,1,1
trust,0,1,1
trusted,2,1,3
trusting,2,0,2
truth,5,3,8
try,5,0,5
trying,7,5,12
tuesday,1,1,2
tump,0,1,1
tune,1,0,1
tuned,0,1,1
tunnel,0,2,2
tunnels,2,0,2
turks,1,0,1
turmoil,0,1,1
turn,2,1,3
turned,2,0,2
tv,0,1,1
tweeted,0,2,2
tweets,0,3,3
twitlonge,0,1,1
twitte,3,32,35
typical,0,1,1
typically,2,0,2
ucla,0,1,1
ugly,1,0,1
ukraine,5,4,9
ukrainian,3,0,3
ultimately,2,1,3
unable,1,0,1
unacceptable,1,1,2
unaccepting,1,0,1
unambiguous,0,3,3
unapologetic,0,2,2
unarmed,1,0,1
unbelievable,1,0,1
unconstitutional,2,1,3
unde,3,8,11
underlying,0,2,2
undermine,1,0,1
undermining,2,0,2
understand,2,1,3
understood,1,0,1
underway,0,2,2
unemployment,10,11,21
unexpectedly,1,0,1
unfai,2,7,9
unfairly,2,1,3
unfortunately,1,0,1
unglued,1,0,1
ungrateful,2,0,2
unhappy,1,0,1
unified,1,0,1
union,0,3,3
united,25,29,54
unless,0,3,3
unlike,0,1,1
unlimited,0,2,2
unlock,1,1,2
unlocking,0,1,1
unmasked,0,1,1
unmasking,0,3,3
unnecessary,0,1,1
unprecedented,2,6,8
unqualified,0,1,1
unquestionably,0,1,1
unrelated,0,1,1
unresolved,0,1,1
untaxed,1,0,1
update,0,7,7
updated,2,1,3
uphold,0,1,1
upping,1,0,1
ups,0,1,1
upset,3,0,3
uptick,0,1,1
upupup,0,1,1
upward,1,0,1
uranium,2,0,2
urges,1,0,1
urging,0,1,1
usa,17,27,44
use,5,23,28
used,5,8,13
uses,1,0,1
using,5,3,8
usitc,1,0,1
usmca,1,3,4
usnavyalwaysthere,0,2,2
usnscomfo,2,0,2
usnsmercy,2,4,6
ust,0,1,1
usual,1,2,3
uswomensopen,0,1,1
utilize,0,2,2
va,1,1,2
vacci,1,0,1
vaccine,7,6,13
valentine,0,1,1
valerie,2,0,2
valuable,0,2,2
value,3,3,6
values,0,4,4
van,0,2,2
various,1,3,4
vast,5,2,7
ve,1,2,3
vegas,2,0,2
vehicle,0,1,1
venezuela,0,1,1
ventilators,3,4,7
verdict,0,1,1
verify,1,0,1
verily,0,4,4
verizon,1,4,5
version,1,1,2
vets,0,4,4
vice,2,5,7
vicious,2,0,2
victories,0,1,1
victory,2,1,3
video,0,4,4
vietnam,2,2,4
views,2,0,2
violating,1,0,1
violation,1,1,2
violations,1,0,1
violent,0,1,1
virginia,1,0,1
virtually,1,1,2
virus,7,2,9
visa,3,11,14
visas,1,3,4
visible,2,0,2
vision,1,0,1
visionary,1,0,1
visit,0,2,2
vladimi,0,1,1
vocal,0,1,1
vote,6,12,18
voted,0,4,4
voters,0,1,1
votes,0,3,3
votetrumpnh,0,1,1
voting,3,1,4
vowed,0,2,2
vulnerabilities,0,1,1
vulnerable,2,2,4
wa,7,12,19
wacko,0,1,1
wage,2,1,3
wages,2,2,4
wait,2,4,6
waiting,0,2,2
waive,0,5,5
waiving,2,0,2
wake,1,4,5
wall,8,6,14
walma,1,4,5
walt,0,4,4
walters,0,1,1
want,15,17,32
wanted,3,3,6
wanting,3,0,3
wants,13,9,22
ward,1,0,1
warm,0,1,1
warme,0,1,1
warmest,0,1,1
warn,0,1,1
warne,1,0,1
warrants,0,1,1
warroomweeklyfollowing,0,2,2
wars,1,1,2
washington,6,1,7
washyourhands,0,2,2
wasnt,4,1,5
waste,2,0,2
watch,5,7,12
watched,3,2,5
watching,3,0,3
wate,1,0,1
waterboarding,0,1,1
waters,1,0,1
wave,0,2,2
wavers,0,2,2
way,15,9,24
ways,0,1,1
wea,2,0,2
weak,4,1,5
weake,1,0,1
weaken,1,0,1
weaponized,0,1,1
weapons,0,2,2
web,0,13,13
wednesday,1,0,1
week,8,4,12
weekend,0,4,4
weeks,1,1,2
weird,1,0,1
welch,0,1,1
welcome,0,8,8
went,7,1,8
werent,2,0,2
wesley,0,2,2
west,1,0,1
western,0,2,2
weve,4,6,10
wh,3,2,5
whethe,1,2,3
whistle,1,0,1
whistleblowe,0,4,4
white,5,10,15
widen,1,0,1
wife,0,4,4
wilbu,0,1,1
willing,2,1,3
win,14,14,28
windfall,1,0,1
winne,0,2,2
winning,5,4,9
wins,0,6,6
winston,0,1,1
winte,1,1,2
wiprimary,0,1,1
wireless,0,5,5
wisconsin,0,1,1
wisely,0,1,1
wish,1,1,2
wishes,2,0,2
witch,4,5,9
withdrawal,0,1,1
withholding,0,1,1
witness,1,0,1
witnesses,2,3,5
wolfs,2,1,3
won,6,1,7
wonde,4,0,4
wonderful,1,5,6
wont,4,0,4
wor,2,0,2
word,0,2,2
words,2,4,6
work,7,5,12
worke,0,1,1
worked,1,1,2
workers,3,16,19
working,7,32,39
works,2,0,2
world,16,20,36
worlds,1,2,3
worried,1,0,1
worry,0,1,1
worse,4,2,6
worst,6,0,6
worth,2,3,5
wouldnt,2,0,2
woulf,0,1,1
wow,0,10,10
writes,0,2,2
written,1,0,1
wrong,12,6,18
wrongly,2,1,3
wrote,0,1,1
wto,1,3,4
wv,0,2,2
xi,8,42,50
xinping,0,1,1
xommon,0,1,1
yacht,1,0,1
yale,0,3,3
yea,33,21,54
yearly,0,2,2
years,43,28,71
yep,0,1,1
yes,1,1,2
yesterd,0,1,1
yesterday,6,11,17
yielded,1,0,1
york,5,5,10
yorke,0,1,1
youd,0,2,2
young,0,1,1
youre,0,3,3
youve,2,0,2
yrs,0,2,2
zero,5,3,8
zimmerman,1,0,1
zte,2,1,3
