,negativo,positivo,Total
aaa,0,5,5
ab,0,1,1
abaco,1,0,1
abandon,5,4,9
abandoned,10,3,13
abaondon,0,1,1
abbas,0,3,3
abbott,2,1,3
abc,28,23,51
abcwashington,1,0,1
abdeslam,1,0,1
abdicate,0,1,1
abdo,0,1,1
abducted,0,1,1
abdul,0,1,1
abdullah,0,2,2
abe,3,37,40
abedin,2,3,5
aberdeen,2,3,5
abiding,1,5,6
ability,10,13,23
abingdon,0,1,1
abiy,0,1,1
abject,2,1,3
ablaze,0,1,1
able,59,65,124
abo,1,2,3
aboard,4,6,10
abolish,18,9,27
abolishice,1,0,1
abolishing,2,1,3
abortion,5,8,13
abortionimmigration,1,0,1
abou,1,4,5
abound,0,1,1
abraham,2,8,10
abrams,0,2,2
abramson,0,2,2
abroad,2,3,5
abrupt,0,1,1
abruptly,3,1,4
absentee,3,6,9
absolute,13,21,34
absoluteicon,0,1,1
absolutely,42,88,130
absurd,1,3,4
abt,2,5,7
abu,2,6,8
abundance,0,2,2
abundant,1,0,1
abuse,54,37,91
abused,7,5,12
abuses,4,8,12
abusing,4,3,7
abusive,2,1,3
abuts,0,1,1
abuzz,0,1,1
abysmal,1,0,1
ac,1,3,4
academia,0,1,1
academy,1,7,8
accelerate,0,2,2
accelerated,1,0,1
accentuate,0,1,1
accept,14,9,23
acceptable,15,2,17
acceptance,0,4,4
accepted,5,10,15
accepting,0,12,12
accepts,1,0,1
access,21,22,43
accessed,1,0,1
accessibility,0,2,2
accessibl,0,1,1
accessible,2,0,2
accessory,0,1,1
accident,10,3,13
accidentally,1,2,3
accidents,1,0,1
accolade,0,1,1
accommodations,1,1,2
accompanie,0,1,1
accompanied,0,1,1
accomplish,1,10,11
accomplished,6,36,42
accomplishing,0,5,5
accomplishment,0,4,4
accomplishments,8,18,26
accord,1,7,8
accordance,0,1,1
according,28,21,49
accordingly,0,2,2
account,19,22,41
accountabi,0,1,1
accountability,2,14,16
accountable,6,10,16
accounted,1,1,2
accounts,3,9,12
accumulate,1,0,1
accumulated,4,1,5
accumulation,1,1,2
accuracy,2,2,4
accurate,6,18,24
accurately,6,7,13
accus,0,1,1
accusation,2,2,4
accusations,9,4,13
accuse,8,9,17
accused,10,6,16
accuses,2,5,7
accusing,5,1,6
acdinne,0,1,1
aced,0,1,1
achieve,1,16,17
achieved,7,9,16
achievement,4,12,16
achievements,1,7,8
achievers,0,3,3
achieving,2,4,6
acid,10,2,12
acing,0,1,1
acknowledge,2,10,12
acknowledged,1,4,5
acknowledges,0,1,1
acknowledging,1,6,7
acknowledgment,0,1,1
aclu,0,1,1
aclus,0,1,1
acosta,2,1,3
acqui,0,1,1
acquire,2,1,3
acquiring,0,2,2
acquisition,1,0,1
acquisitions,0,1,1
acquit,1,2,3
acquittal,0,1,1
acquitted,1,4,5
acquittedforeve,0,2,2
acre,0,2,2
acres,1,8,9
acros,1,1,2
act,91,140,231
acted,6,8,14
acting,27,32,59
actingmeek,1,0,1
action,55,98,153
actions,20,26,46
activated,1,1,2
active,3,8,11
activeduty,0,1,1
actively,4,0,4
activism,2,0,2
activist,0,6,6
activists,3,7,10
activitie,0,1,1
activities,4,10,14
activity,5,3,8
acto,0,4,4
actors,3,5,8
actress,1,1,2
actresses,1,0,1
acts,6,17,23
actua,0,1,1
actual,8,9,17
actuality,1,2,3
actualizaciones,0,1,1
actuall,0,1,1
actually,69,105,174
acu,0,1,1
ad,22,38,60
ada,0,1,1
adam,89,109,198
adamant,1,0,1
adams,1,11,12
adamschiff,2,0,2
adapting,0,1,1
add,8,35,43
added,18,25,43
addict,0,1,1
addicted,1,3,4
addiction,1,6,7
addictive,1,0,1
adding,1,12,13
addit,1,1,2
addition,10,25,35
additional,30,33,63
additionally,5,7,12
additions,2,0,2
address,16,64,80
addressed,0,3,3
addresses,3,2,5
addressing,0,6,6
addressjoin,0,1,1
adds,4,5,9
adelson,0,2,2
adept,0,5,5
adequately,0,1,1
adherent,0,1,1
adhering,1,0,1
adios,0,2,2
adiosamerica,0,2,2
adjacent,0,1,1
adjourn,1,1,2
adjourns,1,0,1
adjusted,0,2,2
adjusting,0,2,2
adjustment,1,0,1
adm,0,2,2
admi,0,1,1
admin,13,17,30
admini,1,0,1
adminis,1,0,1
administe,1,0,1
administered,0,1,1
administrating,0,1,1
administration,150,214,364
administrations,13,9,22
administrato,0,4,4
admins,1,0,1
adminstration,0,1,1
admirable,0,3,3
admirably,0,1,1
admiral,3,15,18
admirals,1,2,3
admiration,0,1,1
admire,2,11,13
admired,0,1,1
admissibility,0,1,1
admission,1,5,6
admissions,0,1,1
admit,13,15,28
admits,10,15,25
admitted,22,18,40
admitting,5,8,13
admonished,2,0,2
adolph,0,1,1
adopt,0,2,2
adopted,1,2,3
adopting,0,1,1
adoption,0,2,2
adorable,0,3,3
adore,0,3,3
adp,0,2,2
adrian,0,2,2
adriana,0,1,1
adrienne,0,1,1
ads,50,25,75
adult,4,6,10
adults,2,8,10
adv,0,1,1
advance,3,13,16
advanced,3,8,11
advancement,0,1,1
advancements,0,1,1
advances,0,1,1
advancing,1,4,5
advantage,23,27,50
advantages,0,2,2
advantagesma,1,0,1
advent,0,1,1
adventure,0,1,1
adversaries,1,1,2
adversary,1,1,2
adverse,0,1,1
adversely,0,1,1
advertisement,1,0,1
advertisers,1,0,1
advertising,9,6,15
advice,12,27,39
advise,4,13,17
advised,3,2,5
advisement,0,1,1
advisers,2,2,4
advising,0,1,1
adviso,2,24,26
advisories,0,1,1
advisors,2,2,4
advisory,3,11,14
advocacy,0,1,1
advocate,3,17,20
advocated,1,1,2
advocates,0,1,1
advocating,2,2,4
aerial,0,2,2
aerospace,0,2,2
aesop,0,1,1
aetna,2,0,2
af,0,2,2
afa,0,1,1
afbf,0,4,4
affai,1,1,2
affairs,2,9,11
affect,1,2,3
affected,22,12,34
affecting,1,0,1
affection,0,1,1
affects,3,1,4
affh,1,0,1
affiliate,0,1,1
affiliated,0,1,1
affirmative,0,3,3
affirmatively,0,1,1
affirmed,1,0,1
affirming,0,1,1
afflicting,0,1,1
affliction,1,0,1
afford,5,0,5
affordab,1,0,1
affordable,6,7,13
afforded,0,1,1
affront,0,1,1
afghan,1,3,4
afghanistan,16,9,25
afghans,1,0,1
afghanstrategy,0,1,1
afl,2,1,3
afrai,1,0,1
afraid,23,14,37
africa,2,5,7
african,23,58,81
africanamerican,1,0,1
africanamericanhistorymonth,0,1,1
aft,1,1,2
afte,308,382,690
aftermath,1,1,2
afternoon,2,68,70
afternoons,0,2,2
afterward,1,0,1
ag,16,26,42
aga,0,2,2
agai,1,0,1
againeverybody,1,0,1
againso,1,0,1
againt,1,0,1
agata,0,2,2
age,6,19,25
agen,0,2,2
agencies,8,16,24
agency,3,10,13
agend,0,1,1
agenda,23,112,135
agendas,0,1,1
agent,16,28,44
agents,16,33,49
ages,1,2,3
aggr,0,1,1
aggravated,1,0,1
aggravation,0,1,1
aggression,1,0,1
aggressive,1,5,6
aggressively,0,1,1
aggresso,1,0,1
aggrieved,0,1,1
aghast,0,2,2
agitators,5,3,8
agnes,0,2,2
agnstt,0,1,1
ago,96,97,193
agony,4,0,4
agreatcause,0,1,1
agree,41,157,198
agreed,20,67,87
agreeing,3,5,8
agreemen,0,1,1
agreement,26,63,89
agreements,2,8,10
agreepray,0,1,1
agrees,4,18,22
agricultural,9,18,27
agriculture,1,13,14
agrmt,0,1,1
ags,1,1,2
agt,0,1,1
ah,0,2,2
ahca,0,1,1
ahead,37,72,109
ahhh,1,0,1
ahhhh,0,1,1
ahhhhhh,0,1,1
ahic,0,1,1
ahmad,0,1,1
ahmari,0,1,1
ahmed,0,2,2
ahmedabad,0,1,1
ahya,0,1,1
ai,28,84,112
aid,47,31,78
aide,1,4,5
aided,0,2,2
aides,2,6,8
aiding,0,1,1
aids,1,5,6
aig,1,0,1
aiingovsummit,0,1,1
ailes,5,2,7
ails,0,1,1
ailsa,0,6,6
aim,1,0,1
aimed,1,2,3
aiming,2,1,3
aims,0,1,1
ain,4,1,5
ainsley,0,1,1
aipac,0,1,1
airborne,0,1,1
airbridge,0,2,2
airbus,1,1,2
aircraft,1,6,7
aircrew,0,1,1
aircrews,0,1,1
aired,2,7,9
aires,0,1,1
airforce,0,1,1
airhes,1,0,1
airing,1,5,6
airline,2,2,4
airlines,2,10,12
airmax,0,1,1
airmen,1,0,1
airplane,2,2,4
airplanes,2,2,4
airpo,8,19,27
airports,2,8,10
airs,0,2,2
airspace,2,0,2
airtime,5,0,5
airwaves,2,2,4
aisle,1,0,1
ajit,0,1,1
ak,1,1,2
aka,0,2,2
akasaka,0,1,1
akba,1,0,1
akin,0,1,1
akmumpreneu,1,0,1
akoya,0,1,1
akron,0,2,2
al,21,41,62
ala,0,1,1
alabama,20,95,115
alabamatickets,0,1,1
alan,5,9,14
alarm,2,2,4
alarmed,3,1,4
alarming,0,2,2
alarms,1,0,1
alaska,3,16,19
alaskans,0,1,1
albaghdadi,1,0,1
albany,0,4,4
albe,1,3,4
albemarle,1,0,1
albence,0,1,1
albom,0,1,1
album,0,2,2
albuquerque,0,1,1
alcohol,1,0,1
alconv,0,2,2
alconvention,0,1,1
aldridge,1,0,1
ale,2,11,13
alec,3,0,3
alejandro,1,0,1
alene,0,2,2
alerted,2,0,2
alerting,1,0,1
alerts,0,1,1
alex,3,9,12
alexande,0,3,3
alexandria,2,2,4
alexis,0,2,2
alfonse,1,0,1
alfred,1,3,4
algae,1,0,1
algemeine,0,1,1
ali,3,1,4
alice,0,3,3
alicia,0,2,2
alien,4,5,9
alienating,1,0,1
aliens,21,24,45
aliensif,1,0,1
aligned,0,1,1
aligning,0,1,1
aligns,1,0,1
alike,2,5,7
alisa,0,1,1
alisareal,0,1,1
alisyn,0,1,1
alive,8,9,17
alivebig,0,1,1
allah,1,0,1
allaying,1,0,1
allbut,1,0,1
allegation,4,1,5
allegations,9,14,23
allege,0,1,1
alleged,7,9,16
allegedly,2,2,4
alleges,1,2,3
allegiance,0,5,5
alleging,2,1,3
allen,1,4,5
allentown,0,1,1
alleras,0,1,1
alleviate,1,0,1
alley,0,1,1
alliance,2,5,7
alliances,0,1,1
allianz,0,1,1
allied,0,3,3
allies,8,19,27
alligators,2,0,2
allis,1,2,3
alllllll,1,2,3
allocated,1,2,3
allocating,1,0,1
allow,84,25,109
allowe,1,0,1
allowed,124,52,176
allowing,23,18,41
allows,4,6,10
alltheway,0,1,1
alluding,0,1,1
allure,1,0,1
allwomanspacewalk,0,1,1
ally,3,6,9
allyn,0,4,4
almighty,0,1,1
almos,1,0,1
aloha,0,1,1
alongside,1,8,9
alot,0,2,2
aloud,1,0,1
alowed,1,0,1
alpha,0,2,2
alphabetical,0,1,1
alpolitics,1,0,1
alqaeda,0,2,2
alrededo,1,0,1
alright,0,2,2
als,1,0,1
alsen,1,0,1
altered,1,1,2
altering,0,2,2
alternate,0,2,2
alternative,8,8,16
alternatives,0,4,4
alters,0,1,1
altogethe,0,1,1
alum,0,1,1
aluminum,8,12,20
alvarez,1,0,1
alway,1,1,2
alzheime,1,0,1
amash,2,0,2
amateu,1,1,2
amateurs,0,1,1
amaz,0,1,1
amaze,0,1,1
amazed,2,3,5
amazes,1,0,1
amazing,28,311,339
amazingly,1,2,3
amazon,31,18,49
amazonwashingtonpost,1,1,2
amb,4,8,12
ambassado,18,40,58
ambassadors,7,4,11
ambien,1,0,1
ambiguous,0,2,2
ambition,0,1,1
ambitions,0,1,1
ambitious,1,1,2
ambridge,0,1,1
ambro,0,1,1
ambs,0,1,1
ambulance,1,0,1
ambush,0,1,1
ambushed,1,1,2
ame,4,14,18
amen,2,10,12
amend,0,1,1
amendmen,0,1,1
amendment,30,168,198
amendments,1,1,2
amer,1,2,3
amercan,0,1,1
amercia,0,4,4
amercian,0,1,1
ameri,1,6,7
americ,0,6,6
america,319,1457,1776
americafi,0,1,1
americafirst,13,101,114
americafirstvideo,0,1,1
american,247,837,1084
americanewsroom,0,1,1
americanheroes,0,1,1
americanism,1,0,1
americanow,0,1,1
americanpatientsfirst,0,2,2
americanpride,1,0,1
americans,132,291,423
americansamoa,0,1,1
americansand,0,1,1
americansat,1,0,1
americanunity,0,1,1
americanvalues,0,1,1
americapatriotsbadazzfollowersmaga,0,1,1
americas,1,15,16
americasmerkel,0,1,1
americastrong,0,2,2
americathe,0,1,1
americaworkstoge,0,1,1
ames,1,1,2
amherst,0,2,2
ami,1,4,5
amici,1,0,1
amid,3,2,5
amidst,0,1,1
amigos,0,1,1
amnesty,16,21,37
amodei,0,1,1
amounting,0,1,1
amounts,23,21,44
amp,1,1,2
amphibious,1,1,2
ample,0,1,1
amputee,0,1,1
amtrak,2,0,2
amuck,1,0,1
amusing,0,2,2
amustreadbook,0,1,1
amvets,0,2,2
amway,0,2,2
amy,2,5,7
amymek,1,0,1
ana,2,0,2
anaheim,0,4,4
analysis,3,11,14
analyst,3,9,12
analysts,1,3,4
analyze,0,2,2
analyzes,0,1,1
analyzing,0,2,2
anarchists,14,15,29
anarchy,3,7,10
ancho,6,7,13
anchored,1,0,1
anchorman,0,2,2
anchors,4,3,7
ancient,0,1,1
andeavo,0,1,1
anderson,2,5,7
andersonthank,0,1,1
andif,0,1,1
andrea,0,1,1
andreajmarkley,0,1,1
andres,0,4,4
andrew,35,45,80
andrews,0,5,5
andriy,0,1,1
android,129,511,640
andrs,0,1,1
andrzej,0,2,2
andy,8,17,25
anemic,2,1,3
ang,1,0,1
ange,12,17,29
angel,3,6,9
angela,1,9,10
angeles,5,7,12
angels,1,1,2
anger,1,0,1
angered,1,1,2
angering,1,0,1
angie,0,1,1
angrily,2,0,2
angry,94,43,137
anguilla,0,2,2
animal,5,6,11
animals,5,4,9
animus,1,1,2
ankara,0,1,1
ann,1,7,8
anna,1,3,4
annapolis,5,5,10
anne,0,1,1
annie,0,2,2
annihilating,0,1,1
anniv,0,1,1
anniversaries,0,1,1
anniversary,5,32,37
announ,0,1,1
announce,14,83,97
announced,47,97,144
announcedit,1,0,1
announcement,7,48,55
announcements,0,1,1
announcers,1,0,1
announces,4,19,23
announcing,2,26,28
annoyed,3,0,3
annual,0,25,25
annually,2,0,2
ano,1,0,1
anonymity,1,2,3
anonymous,15,10,25
anothe,149,243,392
anouncment,0,1,1
ans,1,0,1
answe,42,40,82
answered,5,3,8
answering,5,9,14
answers,12,18,30
ante,0,1,1
anthem,6,35,41
anthony,7,10,17
anthonyweine,1,0,1
anti,58,43,101
antibiotics,1,0,1
antibodies,1,1,2
antibody,0,1,1
anticipate,1,1,2
anticipated,9,21,30
antics,0,2,2
antidote,0,2,2
antiestablishment,0,1,1
antifa,12,8,20
antifastan,0,1,1
antigen,0,1,1
antimicrobial,0,1,1
antiquated,0,1,1
antiquities,0,1,1
antithesis,0,1,1
antitrust,2,0,2
antle,0,1,1
antnio,0,1,1
anton,0,2,2
antonin,1,0,1
antonio,1,4,5
antrump,0,1,1
anw,0,1,1
anxiety,1,1,2
anxious,2,1,3
anxiously,1,1,2
anybody,26,26,52
anyday,0,1,1
anymore,44,13,57
anyo,1,0,1
anyplace,1,0,1
anytime,3,8,11
anyw,0,1,1
anyways,1,0,1
aoc,11,7,18
aol,2,1,3
ap,3,12,15
apa,21,13,34
apaches,0,1,1
apartment,1,0,1
apec,2,7,9
apocalypse,0,1,1
apollo,0,1,1
apologetic,1,0,1
apologies,4,4,8
apologize,47,20,67
apologized,12,4,16
apologizes,2,4,6
apologizing,5,0,5
apology,15,13,28
apoplectic,2,1,3
app,2,6,8
appalachian,3,0,3
appalled,1,2,3
apparatus,1,3,4
apparel,0,2,2
apparent,3,1,4
apparently,8,2,10
appea,3,5,8
appeal,1,9,10
appealed,1,1,2
appeals,3,9,12
appearance,3,11,14
appeared,0,3,3
appearing,3,2,5
appears,8,2,10
appease,2,1,3
appeasement,1,0,1
appeasing,0,1,1
appellate,0,1,1
appetite,0,1,1
appetites,1,0,1
applaud,1,9,10
applauded,0,1,1
applauds,0,1,1
applause,1,2,3
apple,9,17,26
appleca,1,0,1
appleton,0,1,1
applicable,1,0,1
application,0,3,3
applications,4,1,5
applied,2,1,3
applies,0,2,2
apply,7,6,13
applying,2,0,2
appoin,0,2,2
appoint,1,4,5
appointed,16,14,30
appointee,2,1,3
appointees,1,0,1
appointing,2,1,3
appointment,4,9,13
appointments,3,3,6
appreciate,7,59,66
appreciated,2,20,22
appreciates,0,6,6
appreciation,4,6,10
appreciative,2,3,5
apprehend,4,3,7
apprehended,2,8,10
apprehending,3,3,6
apprehension,0,1,1
apprehensions,1,1,2
appren,0,1,1
apprenteince,0,1,1
apprentence,0,1,1
apprentice,27,116,143
apprenticenbc,0,3,3
apprenticeship,0,1,1
apprenticeships,0,1,1
apprise,1,0,1
approach,3,7,10
approache,1,0,1
approaches,0,3,3
approaching,3,1,4
appropriate,8,19,27
appropriated,1,0,1
appropriately,0,6,6
appropriations,0,1,1
appropriato,0,1,1
approv,0,1,1
approval,22,149,171
approvals,4,3,7
approve,9,27,36
approved,25,43,68
approves,1,5,6
approving,6,1,7
approx,0,4,4
approximately,2,9,11
apracecall,0,1,1
april,12,23,35
apropos,0,1,1
aptitude,2,0,2
aq,0,1,1
aqap,3,0,3
ar,1,0,1
arab,0,5,5
arabella,0,1,1
arabia,17,25,42
arabian,1,1,2
aramco,0,1,1
arbite,0,1,1
arbitrate,1,0,1
arbitration,0,1,1
archbishop,0,1,1
arche,0,1,1
arches,0,1,1
architect,1,2,3
architects,0,1,1
architectural,0,1,1
architecture,0,1,1
archive,1,0,1
archives,1,1,2
arctic,1,0,1
ardern,1,0,1
area,19,34,53
arealleade,0,1,1
areamore,0,1,1
areas,12,14,26
aren,21,18,39
arena,17,23,40
arent,4,0,4
areout,1,0,1
aretha,0,1,1
areuall,0,1,1
arg,0,1,1
argentina,7,16,23
argentine,0,1,1
argu,1,0,1
arguably,1,3,4
argue,0,2,2
argued,2,1,3
argues,1,1,2
arguing,2,1,3
argument,5,7,12
arguments,8,8,16
ari,0,2,2
arianna,1,0,1
arise,0,1,1
arizona,13,102,115
arizonans,1,2,3
arizonaprimary,0,2,2
arkansas,3,17,20
arlene,0,1,1
arlington,0,6,6
arm,4,2,6
armageddon,1,0,1
armed,5,21,26
armedforcesday,0,2,2
arming,1,0,1
armistice,0,1,1
arms,7,16,23
army,5,40,45
armybda,0,1,1
armybday,0,1,1
armynavygame,0,4,4
armys,0,1,1
arnold,4,5,9
arou,0,1,1
arouses,1,0,1
arpaio,1,2,3
arranged,1,2,3
arrangements,0,2,2
array,0,3,3
arre,0,1,1
arresed,0,1,1
arrest,4,5,9
arrested,13,13,26
arresting,1,0,1
arrests,5,5,10
arrington,2,1,3
arrival,1,2,3
arrive,1,8,9
arrived,18,47,65
arrives,1,5,6
arriving,2,9,11
arrogance,1,1,2
arrogant,3,2,5
arrow,0,1,1
arsenal,0,2,2
arson,0,1,1
arsonist,0,2,2
arsonists,1,1,2
arsss,0,1,1
arthu,1,3,4
article,12,28,40
articles,25,19,44
articulation,0,1,1
artie,0,1,1
artificial,0,3,3
artificially,1,0,1
artillery,0,1,1
artist,0,2,2
artistic,0,1,1
artistically,1,0,1
artists,0,1,1
artofthedeal,1,0,1
artofwa,0,1,1
arts,0,1,1
asa,0,3,3
asad,0,1,1
asanoyama,0,1,1
asap,9,17,26
ascendancy,0,1,1
asd,0,1,1
asean,0,1,1
aseansummit,0,2,2
asegrese,0,1,1
ashame,0,3,3
ashamed,16,8,24
ashes,0,1,1
asheville,0,1,1
ashley,0,3,3
ashraf,0,1,1
asi,0,1,1
asia,8,9,17
asian,6,4,10
asiancarp,0,1,1
asians,1,3,4
aside,1,5,6
ask,35,77,112
asked,64,86,150
asking,40,58,98
askkevin,0,2,2
asks,5,12,17
asksean,0,1,1
askthedonald,0,1,1
asktrump,0,14,14
asleep,3,0,3
asman,2,0,2
aspect,2,5,7
aspects,0,4,4
aspen,0,2,2
aspergers,0,1,1
aspirations,1,1,2
aspire,0,1,1
ass,4,23,27
assad,6,3,9
assailing,1,0,1
assange,1,2,3
assassinated,0,1,1
assassination,0,1,1
assault,12,16,28
assaulted,1,4,5
assaulting,1,1,2
assaults,3,1,4
asse,0,2,2
assecretary,1,0,1
asselrod,0,1,1
assembled,0,1,1
assembling,1,0,1
assembly,1,5,6
assemblyman,0,1,1
asserting,0,1,1
assertion,2,0,2
assertive,0,1,1
asses,0,1,1
assess,0,3,3
assesses,1,0,1
assessment,3,3,6
asset,3,5,8
assets,6,8,14
asshole,1,1,2
assignment,1,0,1
assist,2,16,18
assistance,8,15,23
assistant,0,4,4
assisting,0,1,1
assistive,0,1,1
assists,0,1,1
assoc,0,1,1
associat,0,1,1
associate,0,1,1
associated,8,7,15
associates,1,4,5
association,1,19,20
asst,1,0,1
assume,5,9,14
assumed,1,0,1
assuming,1,1,2
assumption,0,1,1
assumptions,0,1,1
assurance,1,0,1
assurances,0,1,1
assure,0,5,5
assured,1,6,7
ast,0,1,1
astonishing,3,2,5
astonishingly,1,0,1
astonishingthat,1,0,1
astoria,0,2,2
astounding,1,2,3
astronaut,0,1,1
astronauts,0,9,9
astros,0,1,1
astroturfers,0,1,1
asunde,0,1,1
asylum,12,14,26
asymptomatic,0,1,1
ate,3,0,3
atheist,0,1,1
athletes,0,4,4
athletic,0,3,3
atkins,0,1,1
atkinson,1,2,3
atl,0,1,1
atlanta,2,12,14
atlantic,9,6,15
atlas,1,0,1
atmosphere,0,1,1
atop,1,2,3
atrocious,3,1,4
atrocities,1,1,2
atrocity,1,1,2
att,2,1,3
attached,1,4,5
attack,96,68,164
attacke,1,0,1
attacked,16,7,23
attackers,0,1,1
attacking,13,11,24
attacks,25,24,49
attackscommon,1,0,1
attain,0,1,1
attained,1,0,1
attempt,14,16,30
attempted,9,10,19
attempting,1,3,4
attempts,3,5,8
attend,3,17,20
attendance,3,7,10
attended,2,5,7
attendees,1,1,2
attending,1,13,14
attends,0,2,2
attention,6,24,30
attest,0,1,1
attire,0,1,1
attitude,4,11,15
attkisson,0,1,1
attn,2,1,3
attorney,34,65,99
attorneys,4,5,9
attract,0,2,2
attracted,1,2,3
attracting,1,1,2
attribute,0,1,1
attributed,1,1,2
attributes,1,1,2
attributing,0,1,1
au,0,1,1
auburn,0,1,1
audacity,0,1,1
audience,8,18,26
audiences,0,1,1
audio,1,2,3
audit,4,2,6
audited,0,2,2
auditorium,0,3,3
audrey,0,1,1
aug,1,1,2
august,8,29,37
augusta,0,1,1
augustine,0,3,3
aura,1,0,1
aurora,1,0,1
aus,0,1,1
aussie,0,1,1
austin,1,8,9
australia,7,13,20
australian,0,1,1
australians,0,1,1
auten,0,1,1
authentic,0,1,1
autho,10,17,27
authorities,12,8,20
authority,8,20,28
authorization,6,6,12
authorize,0,3,3
authorized,5,16,21
authorizes,0,2,2
authors,0,1,1
authotized,0,1,1
autism,1,10,11
autismawarenessday,0,1,1
auto,12,15,27
autobiography,0,1,1
autograph,0,1,1
autographed,0,3,3
automakers,1,1,2
automatic,1,2,3
automatically,0,3,3
automobile,1,5,6
automobiles,1,1,2
automobils,0,1,1
automotive,1,0,1
autonomous,2,3,5
autoridades,0,1,1
autoworkers,0,3,3
autumn,0,1,1
ava,0,1,1
avail,3,1,4
available,12,27,39
ave,1,1,2
avenatti,0,2,2
avenge,0,1,1
avenue,0,7,7
average,16,20,36
averages,1,0,1
averted,0,1,1
aviation,3,3,6
aviators,0,1,1
aviv,1,1,2
avoid,8,10,18
avoided,3,2,5
avoiding,1,2,3
aw,2,0,2
awa,1,1,2
awada,0,1,1
await,2,2,4
awaited,1,4,5
awaiting,0,4,4
awaits,0,2,2
awake,1,1,2
awakened,0,1,1
awan,1,0,1
award,4,39,43
awarded,0,12,12
awarding,0,4,4
awards,2,10,12
aware,13,7,20
awareness,0,6,6
away,100,78,178
awe,0,1,1
awed,0,1,1
aweigh,0,1,1
awesome,4,72,76
awesomeness,0,1,1
awful,6,2,8
awkward,1,2,3
awol,2,1,3
ax,1,0,1
axe,0,1,1
axelrod,1,0,1
axios,1,1,2
aya,0,2,2
ayatollah,3,1,4
ayers,0,1,1
ayrshire,0,3,3
az,5,8,13
aza,0,6,6
azgop,0,1,1
azithromycin,0,3,3
azprimary,0,3,3
ba,5,8,13
baaaaaack,1,0,1
baaaack,1,0,1
babbling,0,1,1
babies,2,6,8
babin,0,1,1
baby,5,11,16
bach,0,1,1
bachelo,3,3,6
backbone,3,8,11
backdated,0,1,1
backdoo,1,0,1
backdrop,2,0,2
backed,12,4,16
backer,0,1,1
backers,1,0,1
backetball,0,1,1
backfire,0,4,4
backfired,0,4,4
backfires,1,2,3
backfiring,0,1,1
background,2,13,15
backgrounds,0,3,3
backing,3,3,6
backlash,1,4,5
backlog,1,1,2
backou,0,1,1
backs,6,9,15
backstage,0,2,2
backstop,0,1,1
backtracking,1,0,1
backup,0,3,3
backwards,5,1,6
bacon,2,1,3
bad,543,145,688
badawi,1,0,1
bade,2,0,2
badgering,2,0,2
badly,145,50,195
badmouths,1,0,1
baffles,1,0,1
baffling,1,0,1
bag,2,2,4
baghdad,1,4,5
baghdadi,2,7,9
bags,3,1,4
baham,1,0,1
bahama,1,2,3
bahamas,3,10,13
bahamian,0,2,2
bahrain,0,6,6
baie,1,3,4
bail,8,3,11
bailed,1,0,1
bailey,1,0,1
bailing,2,2,4
bailout,3,3,6
bailouts,2,0,2
bait,1,0,1
baited,0,1,1
baiting,1,1,2
baja,0,1,1
bak,1,3,4
bakari,1,0,1
bake,4,13,17
bakersfield,0,3,3
balance,2,6,8
balanced,7,4,11
balances,0,1,1
balancing,0,6,6
balcony,1,0,1
balderson,4,7,11
baldwin,4,0,4
balk,1,0,1
ball,3,13,16
ballabon,1,1,2
ballard,0,1,1
ballet,0,1,1
ballgame,1,1,2
ballistic,5,1,6
ballooned,1,0,1
ballot,16,20,36
ballots,18,21,39
ballpark,0,1,1
ballroom,2,2,4
ballrooms,0,1,1
balls,2,4,6
balticsummit,0,1,1
baltimore,26,14,40
baltimores,0,1,1
bam,0,1,1
bamafortrump,0,1,1
ban,27,23,50
band,2,4,6
bandaids,0,1,1
bandits,0,1,1
bandon,2,0,2
bands,0,2,2
bandwagon,1,0,1
bandwidth,1,0,1
bang,1,7,8
bangers,0,2,2
bangladesh,1,0,1
bango,0,3,3
bank,15,12,27
banke,1,1,2
bankers,1,1,2
banking,0,2,2
bankrolled,1,0,1
bankrupt,7,1,8
bankruptcies,0,1,1
bankruptcy,3,3,6
bankrupted,0,2,2
bankrupting,1,0,1
banks,15,13,28
bann,1,0,1
banne,0,6,6
banned,11,2,13
banning,5,3,8
banniste,0,1,1
bannon,2,5,7
banquet,0,1,1
baptist,0,5,5
bar,30,35,65
barack,4,31,35
barackobama,0,1,1
barbara,3,12,15
barbaric,0,1,1
barbaro,2,0,2
barbosa,1,0,1
barbours,0,1,1
barcelona,0,1,1
bare,0,1,1
bared,0,1,1
barely,14,11,25
barelytherebiden,1,0,1
bargain,1,1,2
bargaining,2,1,3
bari,0,1,1
barletta,5,5,10
barnes,0,1,1
barnini,0,1,1
baromete,0,1,1
barra,2,2,4
barrack,2,5,7
barracks,0,3,3
barrage,0,4,4
barrasso,0,1,1
barre,0,3,3
barred,0,1,1
barrel,2,0,2
barreling,1,0,1
barrels,1,2,3
barrett,0,1,1
barricaded,1,0,1
barrie,6,12,18
barriers,20,23,43
barrington,0,1,1
barron,1,2,3
barrs,1,2,3
barry,3,4,7
bars,1,2,3
bartenders,0,1,1
bartiromo,0,2,2
base,14,24,38
baseball,3,13,16
based,74,78,152
basel,0,1,1
baseless,1,2,3
baselessness,0,2,2
basement,7,3,10
basementdwellers,0,1,1
bases,4,8,12
bash,4,2,6
basha,2,1,3
bashaud,0,1,1
bashed,0,1,1
bashers,0,1,1
bashing,4,1,5
basic,2,10,12
basically,2,6,8
basics,3,0,3
basing,1,0,1
basis,19,14,33
basket,2,0,2
basketball,2,9,11
basketcase,0,1,1
basta,0,1,1
bastille,1,0,1
bastilleday,0,2,2
batali,0,1,1
batch,1,0,1
bates,1,1,2
bathroom,1,1,2
batley,0,1,1
batman,1,0,1
baton,2,4,6
bats,2,0,2
battalion,0,1,1
batting,1,0,1
battle,12,20,32
battlefield,2,1,3
battlefields,0,2,2
battleground,2,6,8
battles,3,8,11
battleship,0,2,2
battling,1,1,2
bay,0,20,20
baye,0,1,1
baylo,0,1,1
bbc,0,3,3
bbq,0,1,1
bc,9,5,14
bcuz,1,1,2
bd,1,0,1
bds,0,1,1
bea,1,4,5
beach,3,46,49
beaches,2,3,5
beacon,0,1,1
beacons,0,1,1
bean,0,3,3
beans,2,2,4
beard,0,1,1
beare,1,0,1
bearing,0,1,1
bears,2,4,6
beast,1,2,3
beat,52,89,141
beatable,0,1,1
beatdown,1,0,1
beaten,11,4,15
beatiful,0,1,1
beating,10,19,29
beatles,0,1,1
beats,3,13,16
beau,1,0,1
beautiful,26,203,229
beautifully,0,6,6
beauty,4,12,16
bebest,1,4,5
beca,0,1,1
becau,2,1,3
becaus,1,1,2
beck,2,3,5
becki,0,1,1
beckley,0,1,1
becool,0,1,1
becos,1,0,1
becsuse,0,1,1
bed,3,4,7
bedbug,0,1,1
bedbugs,2,1,3
bedford,2,3,5
bedlam,1,0,1
bedminste,3,15,18
bedrock,0,1,1
beds,2,5,7
bee,4,4,8
beef,1,8,9
beetles,1,0,1
befall,0,1,1
befo,1,0,1
beg,5,5,10
bega,1,0,1
begala,1,0,1
began,14,10,24
beggars,1,0,1
begged,14,1,15
begging,12,5,17
begin,8,39,47
beginning,49,77,126
beginnings,1,1,2
begins,6,20,26
begrudgingly,2,0,2
begs,0,1,1
begun,6,21,27
beha,1,0,1
behal,0,1,1
behalf,6,54,60
behave,0,1,1
behaved,1,2,3
behaving,4,1,5
behavio,10,6,16
behavior,1,0,1
behavioral,0,1,1
behaviors,0,1,1
behaviou,1,0,1
beheaded,0,1,1
beheading,1,0,1
beheadings,1,0,1
behemoth,1,0,1
behnken,0,1,1
beholden,1,1,2
beijing,0,5,5
beijingbiden,2,0,2
bein,0,1,1
beings,0,3,3
beirut,2,2,4
bel,3,17,20
belatedly,0,1,1
beleaguered,1,0,1
belgians,0,1,1
belgium,0,4,4
belichick,0,4,4
belichicks,0,1,1
belief,4,2,6
beliefs,1,2,3
believable,2,0,2
believe,133,178,311
believed,3,8,11
believers,1,1,2
believes,9,24,33
believing,2,5,7
belittle,4,6,10
belittling,0,4,4
bell,0,3,3
bellavia,0,3,3
bellinge,1,0,1
bells,1,1,2
bellwethe,0,1,1
belong,4,3,7
belongs,2,3,5
beloved,8,6,14
belt,2,1,3
bemoan,0,1,1
ben,13,27,40
bencarson,0,1,1
bench,1,5,6
bend,1,4,5
bending,1,1,2
beneath,0,2,2
benedict,0,1,1
benefacto,0,1,1
beneficial,0,2,2
beneficiaries,3,5,8
beneficiary,0,2,2
benefit,8,23,31
benefited,0,1,1
benefiting,2,4,6
benefits,10,19,29
benefitted,1,0,1
benefitting,0,1,1
benevolent,0,1,1
bengahzi,0,2,2
bengazi,1,0,1
benghazi,10,9,19
benghazihearings,1,0,1
benghazis,1,1,2
benjamin,0,11,11
bennet,1,0,1
bennett,0,1,1
benning,0,1,1
bent,2,1,3
bentez,0,1,1
ber,0,1,1
beret,1,0,1
bergdahl,4,2,6
berghdal,1,0,1
berglund,0,2,2
berkeley,1,0,1
berlin,0,2,2
bernadette,0,1,1
bernardino,0,1,1
bernhardt,0,1,1
bernie,155,39,194
bernieif,1,0,1
berniesanders,0,1,1
berra,1,0,1
berrien,1,0,1
berry,0,1,1
best,86,534,620
besto,1,0,1
bestofthebest,0,1,1
bestowed,0,1,1
bests,0,2,2
bestsel,0,1,1
bestselle,0,3,3
bestselling,0,3,3
bestshowerseve,0,1,1
bet,3,14,17
betas,0,1,1
beth,0,1,1
bethlehem,0,1,1
bethpage,0,5,5
beto,5,3,8
betray,2,1,3
betrayal,0,4,4
betrayed,3,0,3
betraying,0,1,1
bette,161,347,508
better,0,1,1
betteramerica,0,1,1
bettered,1,0,1
betterment,0,1,1
betting,0,4,4
betto,0,1,1
betty,0,1,1
betwe,1,1,2
beverly,0,1,1
bevin,1,3,4
beware,1,5,6
beyon,0,1,1
bezos,1,1,2
bh,1,0,1
bhavan,0,1,1
bi,2,4,6
biarritz,0,12,12
bias,18,24,42
biased,36,44,80
biases,0,1,1
bibi,0,4,4
bible,1,9,10
bibles,1,1,2
bicameral,0,1,1
bid,6,12,18
bidan,1,0,1
bidding,0,1,1
bide,3,0,3
biden,165,185,350
bidenmaybe,1,0,1
bidens,21,11,32
bidentod,0,1,1
biebe,0,1,1
big,431,946,1377
bigge,24,69,93
biggest,78,92,170
biggs,0,1,1
bighead,0,1,1
bighorn,2,0,2
bigleag,0,1,1
bigleagetruth,0,1,1
bigleagu,0,1,1
bigleaguetrut,0,1,1
bigleaguetruth,13,44,57
bigleaguetruthtime,1,0,1
bigly,1,0,1
bigot,0,2,2
bigotry,3,2,5
bigots,0,1,1
bigtime,1,0,1
bike,0,1,1
bikers,0,5,5
bikersfortrump,0,1,1
bil,0,2,2
bilat,0,1,1
bilateral,1,18,19
billary,1,0,1
billboard,1,0,1
billi,0,1,1
billing,0,1,1
billings,0,3,3
billion,94,130,224
billionaire,4,6,10
billionaires,1,2,3
billionare,0,1,1
billionillegals,1,0,1
billions,80,37,117
bills,23,8,31
billy,3,11,14
billygraham,0,2,2
biloxi,0,5,5
bimbo,2,2,4
bin,3,1,4
binary,0,1,1
bind,0,1,1
binding,1,1,2
bingeviewe,1,0,1
binion,0,1,1
biodefense,0,1,1
biography,0,1,1
biological,0,2,2
biotech,1,0,1
bipartisan,19,45,64
biplane,0,1,1
bird,0,1,1
birmingham,0,2,2
birth,1,7,8
birthday,1,80,81
birthe,0,2,2
birthplace,0,1,1
birthright,1,4,5
births,1,1,2
birx,0,2,2
bisbol,0,1,1
bishop,3,22,25
bison,0,1,1
bit,8,19,27
bitch,1,0,1
bitcoin,1,0,1
bite,6,2,8
bites,2,1,3
biting,2,0,2
bits,0,1,1
bitte,0,1,1
bitten,1,0,1
bitterly,0,1,1
bitterness,1,0,1
bittersweet,1,0,1
biz,3,3,6
bizarre,1,0,1
bizarro,1,0,1
bizman,0,1,1
bizzare,0,1,1
bjp,0,1,1
bla,0,1,1
black,26,60,86
blackberry,1,10,11
blackburn,0,3,3
blackface,0,1,1
blackhistorymonth,0,1,1
blacklist,1,0,1
blacklivesmatte,0,1,1
blackmail,0,1,1
blackmailable,1,0,1
blackmailer,0,1,1
blackout,1,0,1
blacks,3,5,8
blacksfortrump,1,0,1
blackvoicesfortrump,0,1,1
blagojevich,1,2,3
blah,0,1,1
blai,0,1,1
blake,1,0,1
blakeman,1,8,9
blame,24,17,41
blamed,5,0,5
blames,6,0,6
blaming,9,9,18
blan,0,1,1
blank,5,1,6
blankenship,0,1,1
blanket,0,1,1
blankets,0,2,2
blasio,5,6,11
blasios,1,0,1
blasiotrashing,1,0,1
blast,1,4,5
blasted,2,1,3
blasts,4,6,10
blatant,1,8,9
blatantly,2,3,5
blaze,2,1,3
blazetv,0,1,1
blazin,1,0,1
blazing,0,1,1
ble,1,0,1
bleach,1,1,2
bleached,1,0,1
bleating,0,1,1
bleed,1,0,1
bleeding,2,0,2
bless,13,100,113
blessed,0,15,15
blessing,0,5,5
blessings,2,7,9
blew,21,3,24
blexit,0,1,1
blighted,1,0,1
blimp,0,1,1
blind,3,2,5
blinded,4,0,4
blinders,1,1,2
blindly,0,1,1
blip,0,1,1
bliss,1,0,1
blitz,0,1,1
blitze,0,1,1
blizzard,1,0,1
blm,0,3,3
bloated,1,0,1
block,11,7,18
blockbuste,0,2,2
blockbusters,1,0,1
blocked,13,1,14
blocking,9,10,19
blocks,1,1,2
blog,2,0,2
blogge,1,0,1
bloggers,0,1,1
blonde,0,1,1
bloo,0,1,1
blood,7,5,12
bloodbath,0,2,2
blooded,1,0,1
bloodiest,0,1,1
bloody,0,1,1
bloombeg,1,0,1
bloomberg,29,21,50
blow,12,8,20
blowe,1,0,1
blowing,4,6,10
blown,4,4,8
blowout,3,4,7
blows,6,3,9
blowtorch,0,1,1
bludgeoning,1,2,3
blue,5,44,49
bluegrass,0,1,1
bluelivesmatter,0,1,1
blueprint,0,3,3
blues,0,1,1
bluff,1,0,1
bluffing,1,1,2
bluffs,0,5,5
bluffton,0,1,1
bluish,1,0,1
blumenthal,5,8,13
blunde,1,1,2
blunt,1,1,2
blurs,0,1,1
bmw,1,0,1
bo,1,1,2
board,16,31,47
boarde,6,2,8
boarded,0,2,2
boarding,0,3,3
boardroom,8,18,26
boardrooms,0,1,1
boards,0,1,1
boardtoday,0,1,1
boasts,0,2,2
boat,3,7,10
boaters,0,4,4
boats,0,1,1
bob,45,42,87
bobbie,0,1,1
bobby,2,16,18
bobic,0,1,1
boca,0,2,2
bodes,0,1,1
bodied,1,1,2
body,7,3,10
bodyguards,1,1,2
boebe,0,1,1
boebert,0,1,1
boehne,1,1,2
boeing,2,9,11
boente,0,1,1
bogged,2,0,2
boggles,0,1,1
boggling,0,1,1
bogu,1,0,1
bogus,6,2,8
boise,0,1,1
bold,2,16,18
bolde,0,2,2
boldest,0,1,1
boldly,1,4,5
bolivia,0,2,2
bolling,0,1,1
bolsonaro,0,3,3
bolst,0,1,1
bolste,1,0,1
bolt,0,1,1
bolto,0,1,1
bolton,13,22,35
boltons,1,0,1
bomb,9,7,16
bombe,1,0,1
bombed,12,2,14
bombers,0,1,1
bombing,5,3,8
bombmake,1,0,1
bombs,4,0,4
bombshell,6,7,13
bombshells,1,0,1
bonaparte,0,1,1
bond,0,2,2
bondi,0,3,3
bonds,1,7,8
bone,3,0,3
bonehead,0,1,1
boneheads,1,0,1
bongino,7,9,16
bonkers,2,1,3
bonus,1,4,5
bonuses,6,3,9
boo,1,0,1
booed,1,2,3
booing,1,0,1
book,44,274,318
booke,1,1,2
booked,1,2,3
booketc,1,0,1
books,6,24,30
boom,10,21,31
boomed,2,0,2
boomerang,0,1,1
boomeranging,0,1,1
booming,15,26,41
booms,0,1,1
boondoggles,0,1,1
boone,0,2,2
boos,1,2,3
boost,4,9,13
booste,0,1,1
boosted,2,2,4
boosting,1,1,2
boot,1,2,3
bootedgeedge,0,1,1
booth,2,6,8
booths,1,0,1
borde,370,539,909
border,0,2,2
bordercontrol,0,1,1
bordercrisis,1,0,1
borderit,0,1,1
borderless,1,1,2
borderline,0,1,1
borders,75,166,241
bordersthey,1,0,1
borderswhich,0,1,1
bore,4,2,6
bored,1,1,2
borges,0,1,1
boring,42,14,56
boringly,0,1,1
boris,2,15,17
born,10,16,26
bornaliveact,1,0,1
borne,1,0,1
borrow,2,5,7
borrowing,2,0,2
bosa,0,1,1
boss,8,14,22
bosses,9,11,20
bossie,0,1,1
boston,6,11,17
bot,0,1,1
botanicals,0,1,1
botch,1,0,1
botched,1,0,1
bothe,2,1,3
bothered,1,3,4
bots,0,1,1
bottle,0,1,1
bottleneck,0,1,1
bottles,0,1,1
bought,13,23,36
bounce,3,0,3
bouncing,0,1,1
bound,1,3,4
boundaries,0,1,1
boundless,0,1,1
bounds,1,2,3
bounties,0,1,1
bounty,2,1,3
bourne,1,0,1
bow,1,2,3
bowden,0,1,1
bowe,1,0,1
bowing,0,1,1
bowl,1,16,17
bowls,0,3,3
bows,0,1,1
bowse,1,0,1
box,7,6,13
boxe,2,0,2
boxers,2,0,2
boxes,3,3,6
boxing,0,5,5
boy,9,10,19
boycott,8,8,16
boycottcnn,2,0,2
boycotted,3,1,4
boycotting,0,3,3
boycottmacys,2,2,4
boycotts,1,0,1
boynton,0,1,1
boys,4,6,10
bozo,1,0,1
bp,1,1,2
br,0,1,1
bracing,0,1,1
brad,2,17,19
bradley,0,1,1
brady,6,24,30
bragg,0,2,2
bragging,1,2,3
brain,6,3,9
braine,0,3,3
brainiacs,1,0,1
brainpowe,1,2,3
brains,2,4,6
brainwashed,0,1,1
braithwaite,0,1,1
branch,3,5,8
branches,1,0,1
brand,3,25,28
brandi,1,12,13
branding,0,2,2
brandon,2,16,18
brands,0,1,1
brantly,1,0,1
brashe,0,1,1
brass,2,1,3
brat,2,1,3
braun,0,4,4
brava,0,1,1
bravado,1,0,1
brave,10,75,85
braved,0,1,1
bravely,1,6,7
bravery,3,12,15
bravest,1,4,5
bravo,1,5,6
braxton,1,0,1
brazen,1,2,3
brazenly,1,0,1
brazil,1,12,13
brazile,4,3,7
brazilian,0,3,3
breach,1,2,3
breached,1,1,2
breaching,1,0,1
breadth,0,1,1
break,16,13,29
breakdown,5,0,5
breakers,1,0,1
breakfast,0,10,10
breaking,70,83,153
breakingnews,1,1,2
breakout,1,1,2
breaks,7,3,10
breakthrough,1,6,7
breakthroughs,0,2,2
breakthru,0,1,1
breakup,5,0,5
breast,2,0,2
breath,4,5,9
breathe,2,0,2
breathing,1,1,2
breathtaking,1,2,3
breathtakingly,1,0,1
breckenridge,0,1,1
breed,0,1,1
breeding,1,0,1
breeds,1,2,3
breeland,0,1,1
brees,0,4,4
breitba,3,12,15
breitbartnews,0,1,1
bremme,0,1,1
brenda,0,2,2
brennan,16,25,41
bret,3,4,7
brett,11,19,30
brewe,2,3,5
brewing,1,0,1
brexit,8,9,17
bri,0,1,1
brian,17,43,60
bribe,3,2,5
bribed,3,0,3
bribery,7,10,17
bribes,0,1,1
bride,0,1,1
bridge,3,6,9
bridgea,0,1,1
bridgegate,0,1,1
bridgepo,0,1,1
bridges,5,4,9
bridgestone,0,1,1
brie,0,1,1
brief,1,2,3
briefe,1,0,1
briefed,6,12,18
briefing,6,63,69
briefings,2,6,8
briefs,0,2,2
brien,3,3,6
brigade,0,1,1
bright,8,16,24
brighte,1,3,4
brigid,1,0,1
brigitte,0,2,2
briliant,0,1,1
brilli,1,0,1
brilliance,0,5,5
brilliant,4,45,49
brilliantly,0,8,8
brin,0,1,1
bring,61,146,207
bringing,23,52,75
brings,3,17,20
brit,2,2,4
britain,2,8,10
british,6,9,15
brits,0,1,1
britt,0,1,1
bro,0,1,1
broad,2,1,3
broadband,2,1,3
broadcast,4,7,11
broadcaste,1,0,1
broadcasting,2,3,5
broadcasts,1,2,3
broadcom,0,1,1
broaddrick,2,0,2
broade,0,1,1
broadest,1,0,1
broadly,1,1,2
broadway,2,3,5
brock,0,2,2
brody,1,3,4
broke,41,8,49
broken,44,12,56
bronx,1,9,10
brooklyn,0,1,1
brooks,1,8,9
bros,1,0,1
brosnan,0,1,1
brothe,24,22,46
brother,1,0,1
brothers,6,6,12
brotherswow,1,0,1
brou,0,1,1
brought,54,58,112
brouillette,0,1,1
broward,4,7,11
brown,9,10,19
bruce,19,17,36
bruising,0,1,1
brunch,0,2,2
bruni,0,1,1
bruno,0,2,2
brunson,2,9,11
brushing,0,1,1
brussels,6,10,16
brutal,9,5,14
brutality,0,2,2
brutally,1,0,1
bryan,1,2,3
bryant,1,4,5
bryce,1,2,3
brzezinski,1,1,2
bs,10,7,17
btw,0,5,5
bu,3,3,6
bubba,0,1,1
bubble,0,1,1
buchanan,0,3,3
buck,0,1,1
bucket,1,0,1
buckets,0,1,1
buckeye,0,1,1
buckingham,1,1,2
buckle,1,1,2
buckley,1,0,1
bucksexton,0,1,1
budapest,1,0,1
budd,0,1,1
buddhists,0,2,2
buddies,0,1,1
budding,0,1,1
buddy,2,5,7
budge,1,0,1
budget,18,29,47
budgeting,1,0,1
budgets,1,3,4
buena,0,1,1
buenos,0,1,1
buffalo,2,2,4
buffet,1,1,2
buffoon,1,0,1
buffy,0,1,1
bug,0,1,1
bui,0,1,1
build,54,98,152
builde,1,1,2
builders,0,1,1
building,38,82,120
buildings,3,5,8
buildingthewall,1,0,1
builds,1,4,5
buildthefence,1,0,1
buildthewal,0,1,1
buildthewall,1,2,3
built,44,80,124
bukele,0,2,2
bulb,0,1,1
bulk,0,1,1
bull,5,6,11
bullard,1,0,1
bullet,1,1,2
bullets,0,1,1
bullied,4,0,4
bullschiffhoax,1,0,1
bullsh,0,1,1
bullshit,3,4,7
bully,4,0,4
bullying,3,0,3
bumbling,1,1,2
bumme,0,1,1
bump,0,10,10
bumpe,0,1,1
bumping,0,3,3
bunch,5,5,10
bundle,0,1,1
bundlers,0,1,1
bungled,1,0,1
bungling,0,2,2
bunk,1,0,1
bunke,2,1,3
bunny,0,2,2
buoy,0,2,2
bur,3,9,12
burch,0,1,1
burden,2,6,8
burdened,0,1,1
burdens,2,1,3
burdensome,0,1,1
bureau,1,8,9
bureaucracy,1,1,2
bureaucratic,0,2,2
bureaucrats,4,6,10
burge,1,1,2
burgess,0,3,3
burglary,1,0,1
burgum,0,1,1
burgums,0,1,1
burial,0,1,1
burials,0,1,1
burisma,3,5,8
burismahe,0,1,1
burke,0,1,1
burling,1,0,1
burlington,0,5,5
burn,10,5,15
burned,3,1,4
burnett,0,2,2
burning,9,7,16
burns,1,1,2
burritt,0,1,1
burst,0,1,1
bury,3,0,3
burying,0,1,1
bus,7,7,14
busan,0,1,1
buses,0,1,1
busey,0,2,2
bush,85,118,203
busha,1,0,1
bushes,3,0,3
bushs,0,1,1
bushsall,0,1,1
bushy,4,0,4
busiest,0,1,1
busin,1,1,2
busine,0,2,2
busines,0,1,1
busineses,1,0,1
business,95,198,293
businesses,46,70,116
businessestoday,1,0,1
businessman,4,38,42
businessmen,1,5,6
businesspeople,0,1,1
busing,0,1,1
bust,13,2,15
buste,0,1,1
busted,2,2,4
busting,0,3,3
bustling,0,1,1
busts,0,1,1
busy,8,13,21
butas,1,0,1
butchery,1,0,1
butle,0,1,1
butt,0,1,1
buttigieg,4,3,7
button,4,3,7
buy,31,42,73
buyamericanhireamerican,0,2,2
buye,2,1,3
buyers,2,1,3
buying,5,16,21
buyingtips,1,0,1
buys,3,5,8
buzz,1,3,4
buzzes,0,1,1
buzzfeed,5,2,7
bye,8,4,12
bynum,0,2,2
bypass,0,1,1
bypoliticians,1,0,1
byrd,0,1,1
byrne,0,1,1
byron,1,1,2
bystanders,1,0,1
ca,35,52,87
cabal,4,4,8
cabanas,0,1,1
cabinet,6,14,20
cable,7,16,23
cabs,1,0,1
cadets,1,2,3
cadillac,1,7,8
caesa,1,0,1
caesars,1,2,3
cages,4,4,8
caight,1,0,1
cain,0,1,1
cajones,0,1,1
cajunnavy,0,2,2
cake,1,0,1
caked,0,1,1
cal,2,3,5
calamity,0,1,1
calculated,0,2,2
caldwell,0,5,5
calenda,1,1,2
calexico,0,3,3
calif,2,0,2
california,68,105,173
californias,0,1,1
caliphate,10,6,16
calle,1,6,7
called,146,144,290
calling,39,42,81
calls,31,68,99
calm,3,15,18
calmly,0,1,1
cam,1,1,2
camarotta,2,0,2
cambodia,0,1,1
cambridge,0,1,1
came,70,65,135
cameo,0,1,1
camera,5,1,6
cameras,3,6,9
cameron,1,7,8
camerota,0,1,1
camouflage,1,0,1
camp,11,27,38
campaign,168,369,537
campaigne,1,0,1
campaigned,4,9,13
campaignhis,1,0,1
campaigning,11,21,32
campaigns,5,2,7
campaing,0,1,1
camper,0,1,1
camping,0,3,3
campos,0,3,3
camps,1,1,2
campus,1,2,3
campuses,0,2,2
cams,0,1,1
canada,32,74,106
canadian,7,7,14
canadians,1,1,2
cance,2,3,5
cancel,13,4,17
cancelations,0,1,1
canceled,4,1,5
canceling,0,1,1
cancelingmycard,1,0,1
cancellation,0,1,1
cancelled,10,1,11
cancelling,3,2,5
cancels,2,0,2
cand,0,1,1
candace,1,4,5
candi,0,1,1
candid,1,2,3
candidacy,2,14,16
candidat,1,0,1
candidate,91,133,224
candidates,50,63,113
candidly,1,0,1
candle,1,0,1
cando,1,1,2
candy,0,1,1
canidate,1,0,1
canley,0,2,2
cannabis,0,1,1
cannon,1,0,1
cano,0,1,1
canopies,1,0,1
canterbury,0,1,1
canton,0,2,2
cantwait,0,1,1
canvas,0,1,1
cap,1,3,4
capabilities,0,2,2
capability,1,3,4
capable,6,4,10
capacity,5,15,20
cape,0,3,3
capecanaveral,0,1,1
capita,0,1,1
capital,7,15,22
capitalism,0,1,1
capitalist,0,4,4
capitalize,0,3,3
capitalized,0,2,2
capitals,0,2,2
capito,0,1,1
capitol,8,13,21
capitulated,1,0,1
capone,2,0,2
caprimary,0,1,1
caps,1,4,5
capt,0,1,1
captain,3,8,11
captainamerica,0,1,1
captivated,0,1,1
captivates,1,0,1
captivating,0,1,1
captives,0,1,1
captivity,0,1,1
capture,3,1,4
captured,4,12,16
captures,0,3,3
capturing,1,3,4
caputo,0,2,2
car,0,2,2
carafano,1,0,1
caralle,0,1,1
caravan,10,5,15
caravans,15,7,22
carbon,6,3,9
card,10,15,25
cards,3,4,7
care,89,127,216
cared,2,3,5
caree,21,37,58
careers,0,2,2
carefree,0,1,1
careful,20,30,50
carefully,3,5,8
caregivers,0,2,2
careless,2,2,4
cares,10,34,44
caresact,0,5,5
caresactsmall,0,2,2
caresactthe,0,1,1
cargo,0,4,4
caribbean,0,3,3
caring,2,1,3
carl,1,4,5
carla,0,1,1
carlos,0,2,2
carlson,0,3,3
carly,8,5,13
carlyfiorina,1,0,1
carlyi,0,1,1
carmel,0,2,2
carmen,0,1,1
carnage,6,1,7
carnival,0,2,2
carol,0,4,4
carolina,35,258,293
carolinaitunes,0,1,1
carolinas,1,2,3
carolinated,1,0,1
carols,1,0,1
caronavirus,1,1,2
carpet,3,0,3
carranza,0,1,1
carrie,1,8,9
carried,2,6,8
carrier,0,1,1
carriers,1,1,2
carroll,1,0,1
carry,7,12,19
carrying,4,5,9
cars,14,23,37
carshow,1,0,1
carson,20,58,78
carte,13,18,31
cartel,0,1,1
cartels,7,10,17
carterwe,1,0,1
cartoon,2,0,2
cartoons,0,1,1
carve,1,0,1
cary,0,1,1
cas,0,1,1
casa,0,1,1
case,139,119,258
caseit,1,0,1
cases,44,13,57
casey,0,3,3
cash,20,11,31
cashinin,1,0,1
casino,0,1,1
cassidy,2,3,5
cast,7,27,34
casting,0,1,1
castle,0,2,2
castro,3,3,6
casual,0,1,1
casualties,1,3,4
cat,0,3,3
cataclysmic,0,1,1
catalyst,0,1,1
catanzara,0,1,1
catastrophe,3,7,10
catastrophic,9,2,11
catch,8,15,23
catche,3,1,4
catches,0,1,1
catching,1,5,6
categories,1,4,5
category,7,11,18
caterpilla,0,1,1
catfight,0,1,1
cathedral,2,3,5
catherine,4,3,7
catherines,0,1,1
catholic,1,7,8
catholics,1,0,1
catholicsfortrump,0,1,1
cathy,0,2,2
cats,1,1,2
cattle,0,2,2
cattlemen,0,1,1
caucus,5,28,33
caucuses,1,0,1
caucusfortrump,0,10,10
caucusgoers,0,1,1
caught,88,26,114
causando,0,1,1
cause,14,21,35
caused,23,13,36
causes,0,1,1
causing,14,4,18
cautious,3,1,4
cavalry,0,1,1
cave,2,7,9
caved,2,1,3
caves,0,1,1
caving,0,4,4
cavuto,5,3,8
cavutos,1,0,1
cbn,0,1,1
cbnnews,0,1,1
cbo,1,2,3
cbp,2,1,3
cbs,14,21,35
cbsnews,0,1,1
cc,2,8,10
ccolvinj,0,1,1
ccot,0,2,2
ccps,0,1,1
cd,1,1,2
cdc,2,15,17
cdcs,0,2,2
cdctravelnotice,0,1,1
cdt,0,3,3
ce,2,0,2
cea,1,0,1
ceas,1,0,1
cease,1,2,3
ceased,0,1,1
ceasefire,3,9,12
cecily,0,2,2
ceda,2,8,10
cede,2,1,3
ceejay,0,1,1
ceiling,1,3,4
cel,0,1,1
celbrityapprentice,0,1,1
celeapprentice,0,1,1
celeb,1,8,9
celebapprentice,22,116,138
celebrate,1,57,58
celebrated,2,8,10
celebrates,0,3,3
celebrating,1,26,27
celebration,1,21,22
celebrations,0,5,5
celebrators,0,1,1
celebratory,1,0,1
celebraty,0,1,1
celebrities,3,7,10
celebrity,7,63,70
celebrityapprenctice,0,1,1
celebrityapprentice,14,91,105
celebrityapprenticewinne,0,1,1
celebs,1,2,3
cell,6,4,10
cellphone,2,3,5
cellphones,0,1,1
cellula,0,1,1
cemetary,1,1,2
cemeteries,0,1,1
cemetery,3,7,10
censo,2,2,4
censoring,1,0,1
censors,1,2,3
censorship,4,6,10
censu,0,1,1
censure,3,6,9
censured,1,0,1
censureschiff,1,0,1
census,6,7,13
cent,0,1,1
cente,18,76,94
centennial,0,4,4
center,0,2,2
centerpiece,0,1,1
centers,6,7,13
centra,0,1,1
central,8,12,20
centric,1,0,1
centro,1,0,1
cents,0,2,2
century,4,16,20
centuryofservice,0,1,1
ceo,11,31,42
ceos,0,8,8
ceotownhall,0,1,1
cept,1,0,1
ceremonial,0,2,2
ceremony,0,28,28
cernekee,0,2,2
certai,0,1,1
certain,19,40,59
certainly,8,12,20
certainty,0,5,5
certificate,0,4,4
certified,0,3,3
cesspool,1,0,1
cetra,0,1,1
cfap,0,1,1
cfp,0,1,1
cfpb,1,1,2
cg,0,1,1
cgacommencement,0,1,1
cgc,0,1,1
cguard,0,1,1
cgxs,0,1,1
ch,1,5,6
cha,1,4,5
chabad,1,0,1
chad,1,0,1
chafee,1,0,1
chafey,0,1,1
chaffetz,1,7,8
chagsameach,0,1,1
chai,5,17,22
chain,13,13,26
chains,1,0,1
chainsand,1,0,1
chainsaw,1,0,1
chairm,0,2,2
chairman,30,84,114
chairs,1,2,3
chairwoman,1,2,3
chakraborty,0,1,1
chalian,0,1,1
chalkboard,0,1,1
challenge,4,18,22
challenged,7,1,8
challengers,0,1,1
challenges,2,10,12
challenging,0,4,4
chambe,1,7,8
chambers,0,1,1
champ,0,5,5
champion,3,47,50
championed,0,2,2
championing,0,1,1
champions,2,25,27
championship,2,12,14
championships,0,6,6
champs,0,1,1
chan,1,0,1
chance,61,76,137
chancello,1,7,8
chances,7,3,10
chanded,0,1,1
chang,1,1,2
change,84,121,205
changed,29,30,59
changer,0,1,1
changers,0,2,2
changes,8,32,40
changethelaws,0,1,1
changetheworldin,0,1,1
changing,11,22,33
channe,1,1,2
channel,5,7,12
channeling,0,1,1
channels,2,1,3
chant,1,5,6
chanting,3,3,6
chants,1,2,3
chao,0,1,1
chaos,12,10,22
chaotic,2,2,4
chapman,0,1,1
chapo,2,4,6
chapos,1,0,1
chapte,1,1,2
characte,2,7,9
characterize,0,1,1
characterizing,1,0,1
characters,3,2,5
charade,7,9,16
charge,31,40,71
chargeable,1,0,1
charged,12,16,28
charges,40,15,55
charging,7,3,10
chariman,0,1,1
charisma,0,3,3
charismatic,0,1,1
charitable,1,3,4
charities,1,6,7
charity,6,17,23
charlamagne,1,0,1
charle,1,0,1
charles,8,14,22
charleston,1,10,11
charlevoix,0,2,2
charlie,6,14,20
charliegard,0,1,1
charlot,1,0,1
charlotte,4,13,17
charlottesville,5,6,11
charm,0,2,2
charte,1,2,3
charts,1,1,2
chase,2,3,5
chases,0,1,1
chasing,1,2,3
chasm,0,1,1
chastise,1,0,1
chastised,1,0,1
chat,1,2,3
chatbot,0,1,1
chattanooga,1,3,4
chatted,0,1,1
chatting,0,1,1
chavez,0,1,1
cheap,1,4,5
cheape,1,4,5
cheat,4,1,5
cheate,0,2,2
cheated,7,0,7
cheaters,1,1,2
cheatin,1,1,2
cheating,8,2,10
cheats,1,0,1
check,22,86,108
checke,1,5,6
checked,4,2,6
checkers,1,3,4
checking,3,3,6
checkmark,0,1,1
checks,2,13,15
chee,2,3,5
cheering,1,1,2
cheerleading,1,1,2
cheers,0,4,4
cheese,0,1,1
cheeto,1,0,1
chef,0,1,1
cheif,1,0,1
chelsea,1,3,4
chemical,5,0,5
chemistry,2,1,3
chen,0,1,1
cheney,2,2,4
cheong,1,1,2
chera,0,2,2
cheri,0,1,1
cherish,0,15,15
cherished,5,4,9
cherokee,1,1,2
cherry,0,6,6
cheryl,0,1,1
chess,1,1,2
chest,2,0,2
cheste,0,1,1
chesterfield,0,2,2
chetan,0,1,1
chevy,0,1,1
chewing,0,1,1
chi,0,1,1
chiba,0,1,1
chica,0,1,1
chicago,20,40,60
chicagos,1,0,1
chicken,0,1,1
chided,1,0,1
chief,16,65,81
chiefs,1,13,14
chiefskingdom,0,2,2
child,12,14,26
childcare,2,3,5
childish,0,1,1
childishly,1,0,1
children,35,61,96
chile,0,1,1
chill,1,3,4
chills,0,4,4
chin,1,1,2
china,372,299,671
chinaduring,0,1,1
chinas,0,4,4
chinatown,1,0,1
chinavirus,1,0,1
chinese,24,40,64
chip,0,2,2
chippewa,0,1,1
chloroquine,1,0,1
chm,0,1,1
cho,0,1,1
chocke,1,1,2
chocked,0,2,2
chocolate,0,1,1
choice,35,82,117
choices,3,8,11
choirboy,0,1,1
choke,11,1,12
choked,11,2,13
chokes,0,1,1
choking,3,1,4
chol,0,1,1
choo,0,2,2
choose,5,19,24
chooses,0,3,3
choosing,0,7,7
chop,1,2,3
chorus,1,1,2
chose,6,6,12
chosen,4,8,12
chowka,0,1,1
chozick,1,0,1
chris,26,72,98
chriscassidy,1,0,1
chrischristie,1,1,2
chrissy,0,1,1
christ,1,3,4
christi,1,1,2
christian,7,8,15
christianity,1,4,5
christians,6,10,16
christie,4,10,14
christina,3,0,3
christine,0,1,1
christm,0,1,1
christmas,3,48,51
christophe,23,20,43
christopher,0,1,1
chriswallace,0,2,2
chronic,1,0,1
chronicle,0,1,1
chrysle,3,7,10
chs,0,1,1
chuck,64,67,131
chucked,0,1,1
chucktodd,1,0,1
chung,0,1,1
church,5,29,34
churches,7,4,11
churchill,1,5,6
churchillian,0,1,1
chutzpah,2,0,2
ci,0,1,1
cia,13,21,34
ciaramella,0,1,1
cicilline,1,0,1
cigarette,0,1,1
cigarettes,0,1,1
cigars,0,1,1
cillizza,1,1,2
cincinnati,2,13,15
cincodemayo,0,2,2
cindy,1,9,10
cio,2,1,3
cipollone,0,2,2
cippolone,1,0,1
circ,1,0,1
circle,3,3,6
circled,0,1,1
circleofenrichment,0,1,1
circles,3,0,3
circu,1,0,1
circuit,12,11,23
circuited,0,2,2
circuits,1,1,2
circulated,3,0,3
circulation,4,0,4
circumstance,0,1,1
circumstances,2,4,6
circumvent,1,0,1
circus,5,7,12
cisco,0,1,1
cissy,0,1,1
cit,0,1,1
citadel,0,2,2
citations,0,1,1
cite,4,0,4
cited,1,0,1
cites,1,1,2
citi,4,0,4
cities,44,50,94
citing,1,1,2
citize,0,1,1
citizen,14,20,34
citizens,23,70,93
citizensfortrump,0,1,1
citizenship,8,15,23
citizenwhere,0,1,1
citrus,0,1,1
city,53,91,144
civi,0,1,1
civic,0,4,4
civil,13,18,31
civilian,0,10,10
civilians,5,1,6
civilization,1,7,8
civilized,2,1,3
ck,1,1,2
cl,1,2,3
claen,0,1,1
claim,8,27,35
claimed,10,11,21
claiming,5,7,12
claims,36,16,52
claimswithout,1,0,1
claire,1,5,6
clamoring,0,1,1
clandestine,1,0,1
clappe,17,19,36
clara,0,1,1
clare,1,1,2
clarence,0,2,2
clarification,1,1,2
clarified,2,1,3
clarita,1,0,1
clarity,1,2,3
clark,0,3,3
clas,1,0,1
clash,0,1,1
class,31,61,92
classact,0,1,1
classes,0,1,1
classic,1,8,9
classiest,0,2,2
classifie,1,0,1
classified,25,24,49
classless,2,0,2
classmates,1,0,1
classroom,1,0,1
classrooms,0,1,1
classy,1,9,10
claude,0,1,1
claudia,0,3,3
clause,0,1,1
clauses,0,2,2
clay,2,0,2
clayton,0,1,1
cld,0,1,1
clea,36,73,109
clean,21,34,55
cleane,1,4,5
cleaners,3,3,6
cleanest,1,4,5
cleaning,4,6,10
cleans,1,0,1
cleanup,1,2,3
clearance,4,2,6
clearances,1,1,2
cleared,2,5,7
clearfuture,1,0,1
clearing,0,3,3
clearly,14,22,36
clears,0,1,1
clemency,0,3,3
clemson,0,7,7
clerk,1,0,1
cleveland,3,15,18
click,0,2,2
clicks,1,0,1
client,19,108,127
clients,5,4,9
cliff,1,1,2
clifford,1,1,2
clifton,0,1,1
clima,0,1,1
climate,14,3,17
climatechange,1,0,1
climbe,0,1,1
climbers,1,0,1
climbing,2,1,3
clin,0,1,1
clinch,0,1,1
cline,1,1,2
clinic,0,1,1
clinicaltrial,1,1,2
clint,0,4,4
clinton,319,313,632
clintonemailscandal,0,1,1
clintons,12,6,18
clip,0,10,10
clips,1,4,5
clive,0,2,2
clobbered,1,1,2
clock,1,9,10
clone,1,1,2
close,98,95,193
closed,43,9,52
closely,20,53,73
closes,2,5,7
closest,1,3,4
closet,1,3,4
closing,14,13,27
closings,2,2,4
closure,2,1,3
closures,1,1,2
cloth,0,1,1
clothing,0,1,1
clouded,1,0,1
clouds,1,0,1
cloudy,0,1,1
clout,0,1,1
clovis,0,2,2
clown,16,6,22
clowns,5,12,17
club,14,49,63
clubgoers,1,0,1
clubhouse,0,2,2
clubs,1,1,2
clue,40,22,62
clueless,13,2,15
clues,0,1,1
clumsy,1,0,1
clunkers,0,1,1
cluste,1,0,1
clutching,1,0,1
cmte,1,1,2
cn,0,1,1
cnbc,4,6,10
cnbcgopdebate,0,2,2
cnet,0,1,1
cnmi,0,1,1
cnn,149,80,229
cnndebate,1,6,7
cnns,1,0,1
cnnsocialistdebate,0,1,1
cns,0,1,1
cnsnews,0,1,1
cnt,0,1,1
coa,0,1,1
coach,1,29,30
coaches,0,2,2
coaching,1,0,1
coal,11,14,25
coalesced,0,1,1
coalition,0,17,17
coalitionfortrump,0,1,1
coast,6,43,49
coastal,2,1,3
coastguard,0,1,1
coastguardday,0,1,1
coastinc,0,1,1
coastline,0,1,1
coatesville,1,2,3
coating,2,2,4
coats,0,2,2
cobb,0,3,3
cocaine,1,4,5
cochran,2,0,2
cocked,1,0,1
cockpit,0,1,1
cocktail,0,2,2
cocktails,0,2,2
coddington,1,0,1
code,10,8,18
coders,0,1,1
codes,1,1,2
codifying,0,1,1
coercion,0,1,1
coexist,0,1,1
coffee,0,1,1
coffers,4,3,7
coffin,0,1,1
cofounde,1,0,1
cogent,0,1,1
cohen,23,15,38
cohesion,0,1,1
cohesive,0,1,1
cohn,0,1,1
coin,0,3,3
coincidence,4,2,6
coincidental,1,0,1
coincides,0,1,1
coins,0,1,1
cokie,0,3,3
col,3,7,10
colbe,0,2,2
colby,0,1,1
cold,37,7,44
coldcasejoe,0,1,1
colde,1,0,1
coldest,3,1,4
colds,1,0,1
cole,1,2,3
colin,1,6,7
colinford,0,1,1
coliseum,0,4,4
coll,0,1,1
colla,2,12,14
collaborated,1,0,1
collaborating,0,1,1
collaboration,0,2,2
collaborative,0,1,1
collaps,1,0,1
collapse,6,6,12
collapsed,1,0,1
collapsing,1,2,3
collateral,0,1,1
colleagu,1,0,1
colleague,0,1,1
colleagues,5,16,21
collec,1,0,1
collect,3,0,3
collected,0,1,1
collecting,0,2,2
collection,0,9,9
collective,0,1,1
collecto,0,1,1
college,12,25,37
colleges,2,3,5
collegiate,0,1,1
collie,0,1,1
collins,3,5,8
collision,1,1,2
collude,3,5,8
colluded,4,10,14
colluding,2,4,6
collus,0,1,1
collusi,1,2,3
collusion,238,131,369
collusionhoax,0,1,1
collussion,1,0,1
colmery,0,1,1
colo,4,6,10
cologne,0,1,1
colombia,1,2,3
colon,0,2,2
colonel,0,1,1
colorada,1,0,1
coloradans,0,2,2
colorado,6,70,76
colors,1,0,1
colossally,0,1,1
colum,0,1,1
columbia,2,2,4
columbus,4,11,15
columbusday,0,2,2
column,4,16,20
columnist,2,5,7
columnists,0,1,1
columns,2,1,3
com,3,6,9
combat,4,25,29
combatant,0,2,2
combatants,0,1,1
combating,0,2,2
combatting,0,2,2
combination,1,4,5
combine,0,1,1
combined,7,14,21
comcast,14,2,16
come,152,225,377
comebac,0,1,1
comeback,5,15,20
comebacks,0,1,1
comedian,5,0,5
comedy,1,1,2
comeflywithme,0,1,1
comercial,0,1,1
comes,39,51,90
cometax,0,1,1
comeuppance,1,0,1
comey,122,107,229
comeyesque,1,0,1
comeys,0,1,1
comfo,4,11,15
comfortable,2,2,4
comical,0,1,1
comin,1,0,1
coming,115,231,346
comm,3,3,6
comma,1,0,1
command,5,10,15
commandant,0,2,2
commandants,0,1,1
commande,3,20,23
commanded,0,1,1
commanderinchief,0,1,1
commanderinchiefforum,0,1,1
commanding,1,3,4
commemorat,0,1,1
commemorate,0,4,4
commemorati,0,1,1
commemorating,0,2,2
commemoration,0,2,2
commemorative,0,2,2
commence,0,1,1
commencement,0,9,9
commences,0,1,1
commencment,0,1,1
commend,2,3,5
comment,4,10,14
commentary,2,8,10
commentato,1,1,2
commentators,2,1,3
commented,0,1,1
commenting,1,3,4
comments,15,38,53
commerce,6,16,22
commercial,8,8,16
commercially,0,1,1
commercials,6,5,11
commiecast,1,0,1
commies,1,0,1
comming,1,0,1
commission,5,12,17
commissione,3,6,9
commissioning,0,2,2
commit,9,9,18
commitm,0,1,1
commitment,6,28,34
commitments,2,2,4
committe,1,0,1
committed,41,45,86
committee,47,66,113
committees,6,7,13
committeewoman,1,0,1
committing,2,6,8
commmitment,1,0,1
commodities,0,1,1
commodity,0,2,2
common,10,45,55
commoncore,1,1,2
commonlaw,1,0,1
commonly,1,1,2
commonsense,2,1,3
commonsenseman,0,1,1
commonwealth,1,11,12
commu,0,1,1
commun,1,1,2
communi,0,1,1
communicat,0,1,1
communicate,1,2,3
communicated,1,0,1
communicatio,0,1,1
communication,4,4,8
communications,4,9,13
communicato,1,1,2
communique,1,0,1
communism,0,1,1
communist,7,6,13
communists,0,2,2
communit,0,1,1
communities,9,49,58
community,13,63,76
communitybank,0,1,1
commutation,0,1,1
commute,1,0,1
commuted,0,1,1
commutes,1,0,1
commuting,0,1,1
como,0,1,1
comp,1,1,2
compa,1,0,1
compani,0,1,1
companies,97,77,174
companiesdupont,0,1,1
company,24,40,64
compar,1,0,1
comparable,0,2,2
comparably,1,0,1
compare,2,3,5
compared,10,16,26
compares,0,1,1
comparing,2,0,2
comparison,8,3,11
comparta,0,1,1
compass,0,1,1
compassion,1,1,2
compassionate,0,1,1
compassionless,1,0,1
compatible,1,0,1
compatriots,1,0,1
compelled,0,1,1
compelling,2,7,9
compensation,1,3,4
compete,3,12,15
competence,0,2,2
competent,2,4,6
competes,1,0,1
competing,3,5,8
competition,8,23,31
competitiors,0,1,1
competitive,3,10,13
competito,3,6,9
competitors,4,6,10
compilation,1,1,2
compiled,0,1,1
compiling,0,1,1
compl,0,1,1
complacent,0,1,1
complain,10,9,19
complained,1,2,3
complainers,1,0,1
complaining,9,14,23
complains,0,3,3
complaint,7,3,10
complaints,3,11,14
complet,1,0,1
complete,40,223,263
completed,2,25,27
completely,30,33,63
completing,0,1,1
completion,3,4,7
complex,5,8,13
complexities,1,0,1
complexity,1,0,1
compliance,1,0,1
compliant,0,3,3
complicated,3,2,5
complicating,0,1,1
complicit,0,1,1
compliment,0,7,7
complimentary,1,2,3
compliments,1,3,4
comply,2,0,2
component,0,2,2
components,0,2,2
composed,2,1,3
composite,1,3,4
compound,0,1,1
comprehen,0,1,1
comprehend,1,1,2
comprehensi,0,1,1
comprehension,1,0,1
comprehensive,4,10,14
comprised,1,0,1
compromise,1,5,6
compromised,6,1,7
compromising,1,1,2
comptrolle,1,0,1
compute,6,2,8
computers,2,0,2
comrade,1,0,1
comrades,0,2,2
comun,1,0,1
conan,0,1,1
concacaf,0,1,1
concast,3,7,10
concasts,1,0,1
conce,1,5,6
conceal,0,1,1
concealed,2,1,3
concealing,1,0,1
concede,1,1,2
conceded,3,1,4
concedes,1,0,1
conceited,0,1,1
conceived,1,1,2
concentrated,0,3,3
concentration,2,3,5
concept,3,6,9
concepts,0,1,1
conceptual,1,0,1
concern,2,2,4
concerned,22,15,37
concerning,20,31,51
concerns,8,8,16
concerted,0,1,1
concession,1,0,1
concessions,1,0,1
concha,1,0,1
concierge,0,1,1
concierto,0,1,1
conciliation,0,1,1
conciliatory,0,1,1
concise,1,2,3
conclude,2,4,6
concluded,3,9,12
concludes,0,1,1
conclusion,4,7,11
conclusions,1,1,2
conclusive,1,3,4
conclusively,3,3,6
concocted,1,1,2
concord,0,2,2
concrete,7,2,9
concu,0,2,2
conde,0,2,2
condemn,10,5,15
condemned,1,2,3
condemning,1,3,4
condemns,2,2,4
condescending,0,1,1
condescension,0,1,1
condit,0,1,1
condition,5,3,8
conditionality,1,0,1
conditioners,0,1,1
conditioning,1,0,1
conditions,17,22,39
condoleezza,0,2,2
condolences,50,3,53
condone,2,1,3
condones,0,1,1
conduct,9,12,21
conducted,3,7,10
conductin,1,0,1
conducting,2,3,5
conducts,0,1,1
conduit,0,1,1
conf,0,2,2
confederate,1,0,1
confederation,0,1,1
conference,28,124,152
conferences,4,4,8
confessed,0,1,1
confessions,0,1,1
confi,0,1,1
confidence,12,63,75
confident,3,13,16
confidential,2,3,5
confidentiality,1,2,3
confined,0,2,2
confinement,4,1,5
confirm,3,9,12
confirmat,0,1,1
confirmation,2,14,16
confirmed,16,20,36
confirmgina,0,1,1
confirmgorsuch,0,2,2
confirming,3,5,8
confirms,9,7,16
conflict,12,7,19
conflicted,24,12,36
conflicting,0,3,3
conflicts,8,12,20
confront,4,9,13
confrontation,2,2,4
confrontational,0,1,1
confronted,4,0,4
confused,4,2,6
confusion,1,2,3
cong,2,1,3
congenial,3,3,6
congenital,0,2,2
congesswoman,0,1,1
congestion,1,2,3
congrats,3,57,60
congratspeggy,0,2,2
congratula,1,0,1
congratulate,0,16,16
congratulated,0,4,4
congratulates,0,2,2
congratulating,0,1,1
congratulatio,0,1,1
congratulation,0,3,3
congratulations,8,363,371
congratulatory,1,2,3
congregants,0,2,2
congregation,0,2,2
congregations,0,1,1
congres,0,1,1
congress,166,273,439
congresses,1,0,1
congressio,1,0,1
congressioal,1,0,1
congressiona,0,1,1
congressional,24,52,76
congressionalbaseballgame,0,1,1
congressionalgoldmedal,0,1,1
congressman,33,163,196
congressmen,3,2,5
congresswoman,5,16,21
congresswomen,6,8,14
conjecture,0,1,1
conjob,1,0,1
conjunction,1,6,7
conjure,0,1,1
conjures,1,0,1
conman,2,1,3
conne,0,1,1
connect,3,4,7
connected,1,6,7
connecticut,8,13,21
connecting,1,1,2
connection,5,1,6
connections,2,1,3
connects,0,1,1
connell,0,1,1
conning,0,1,1
conno,0,3,3
cono,0,2,2
conque,1,1,2
conquered,0,1,1
conquering,0,1,1
conquests,2,0,2
conscience,1,2,3
conse,0,1,1
consecut,1,0,1
consecutive,3,4,7
consensus,0,1,1
consent,2,1,3
consequence,2,1,3
consequences,11,6,17
consequential,4,2,6
conservation,1,7,8
conservatism,0,2,2
conservativ,0,1,1
conservative,17,59,76
conservatives,9,19,28
conside,12,16,28
considerable,1,3,4
considerably,0,1,1
considerat,1,0,1
consideration,2,10,12
considerations,2,3,5
considered,9,22,31
considering,11,27,38
considers,0,2,2
consist,0,1,1
consistantly,0,1,1
consistent,2,9,11
consistently,1,5,6
conspicuously,0,1,1
conspiracy,11,18,29
conspiracyif,0,1,1
conspirators,0,1,1
conspire,1,2,3
conspired,0,3,3
conspiring,0,1,1
const,1,0,1
constant,8,10,18
constantly,21,13,34
constituents,2,4,6
constitut,0,1,1
constitutes,1,1,2
constitutio,0,1,1
constitution,19,28,47
constitutional,16,21,37
constitutionality,0,2,2
constitutionally,2,3,5
constitutionpresident,1,0,1
constitutions,0,1,1
constraining,0,1,1
construct,0,2,2
constructed,0,5,5
constructing,0,1,1
construction,7,36,43
constructive,2,3,5
constructively,0,1,1
consulate,1,2,3
consult,0,4,4
consultant,0,2,2
consultants,3,1,4
consultation,1,5,6
consulting,1,4,5
consume,10,39,49
consumed,1,0,1
consumers,5,7,12
consuming,2,0,2
cont,3,10,13
contact,8,15,23
contacts,4,1,5
contagious,1,1,2
contain,0,6,6
containable,0,1,1
containe,0,2,2
contained,0,2,2
containing,0,1,1
containment,0,1,1
contains,0,4,4
conte,0,4,4
contemplate,0,2,2
contemplated,2,0,2
contemplating,1,0,1
contempt,3,7,10
contende,1,1,2
contenders,0,1,1
content,0,3,3
contentious,1,0,1
contents,3,0,3
contest,3,2,5
contestants,1,6,7
context,4,3,7
conti,1,0,1
contin,0,1,1
continent,0,1,1
contingencies,1,0,1
contingency,0,1,1
contingent,0,1,1
continuation,6,8,14
continue,93,140,233
continued,4,14,18
continues,38,78,116
continuing,7,29,36
continuous,0,1,1
continuously,1,1,2
contorted,0,1,1
contract,5,11,16
contracting,1,2,3
contracto,3,2,5
contracts,1,2,3
contradict,1,0,1
contradicted,1,1,2
contradiction,1,0,1
contradictions,1,1,2
contradicts,1,1,2
contrary,5,8,13
contrast,1,4,5
contribute,2,4,6
contributed,3,2,5
contributing,0,1,1
contribution,4,2,6
contributions,6,13,19
contributionsfeel,1,0,1
contributo,5,2,7
contributors,3,0,3
contrived,0,1,1
control,62,55,117
controlknow,0,1,1
controlled,14,16,30
controlling,3,3,6
controls,2,3,5
controversial,3,7,10
controversies,0,2,2
controversy,2,3,5
conv,0,1,1
conve,0,1,1
convenient,1,2,3
conveniently,1,3,4
convention,23,44,67
conventions,0,1,1
convergence,1,1,2
convers,1,0,1
conversacin,0,1,1
conversation,14,61,75
conversations,5,15,20
conversion,0,1,1
converted,1,0,1
convict,2,2,4
convicted,7,2,9
convicting,1,0,1
conviction,1,4,5
convictions,2,3,5
convicts,0,1,1
convince,3,6,9
convinced,2,8,10
convinces,2,0,2
convincing,3,1,4
convincingly,1,0,1
convocation,0,1,1
conway,3,2,5
cook,1,7,8
cooked,1,2,3
cookie,2,0,2
cool,3,24,27
coolest,0,1,1
coop,0,1,1
coope,3,8,11
coopera,0,1,1
cooperate,5,2,7
cooperated,0,2,2
cooperating,0,1,1
cooperation,1,14,15
cooperationnot,0,1,1
cooperative,2,1,3
coordinat,0,1,1
coordinate,0,2,2
coordinated,0,11,11
coordinating,2,1,3
coordinatio,1,0,1
coordination,1,10,11
cop,12,5,17
copay,1,0,1
cope,1,0,1
copied,1,1,2
copies,1,14,15
coping,1,0,1
copious,1,0,1
copolitics,0,1,1
coppola,0,1,1
cops,12,6,18
copy,2,29,31
copying,1,2,3
copyright,0,2,2
cor,1,0,1
coralville,0,2,2
corbyn,0,1,1
cord,0,1,1
cordial,0,2,2
cordray,1,1,2
core,5,25,30
corey,2,13,15
corke,12,5,17
corky,0,2,2
corn,0,2,2
corne,2,5,7
cornel,1,0,1
corner,0,1,1
cornerstone,0,1,1
corning,0,1,1
cornwall,0,4,4
cornyn,0,2,2
coro,1,0,1
corolla,0,1,1
coron,0,2,2
corona,0,3,3
coronav,0,2,2
coronavi,0,1,1
coronavirus,90,201,291
coronavirusand,1,0,1
corp,0,1,1
corporate,9,5,14
corporation,0,2,2
corporations,1,5,6
corps,0,9,9
corpus,0,1,1
correct,37,78,115
corrected,3,2,5
correcting,0,2,2
correction,0,4,4
corrections,1,0,1
corrective,1,0,1
correctly,9,4,13
correctness,3,3,6
corrects,0,3,3
correspondent,0,1,1
correspondents,3,4,7
corrido,0,5,5
corroborated,0,1,1
corrugated,0,1,1
corrup,0,2,2
corrupt,174,108,282
corrupted,1,2,3
corrupthillary,1,0,1
corruption,50,57,107
corruptly,0,1,1
corsi,3,1,4
cortez,4,2,6
cortuption,1,0,1
coruption,0,1,1
cory,1,6,7
cos,1,2,3
cosas,1,0,1
cosby,1,1,2
cosen,0,2,2
cosmically,1,0,1
cosponso,1,1,2
cost,71,23,94
costa,1,1,2
costing,5,0,5
costly,15,6,21
costs,27,11,38
costume,0,9,9
cosume,0,1,1
cotton,1,4,5
cou,110,172,282
couched,1,0,1
cough,3,0,3
coughing,1,0,1
couldn,25,29,54
couldyoudoit,0,1,1
coulte,0,1,1
coumo,0,1,1
coun,1,1,2
councel,9,7,16
council,14,32,46
councilhe,0,1,1
counsel,28,31,59
counsels,1,0,1
count,8,20,28
counte,5,14,19
counted,1,0,1
counterattack,0,1,1
counterfeit,1,0,1
counterfeits,0,1,1
countering,0,2,2
counterintelligence,1,1,2
counterpa,0,1,1
counterparts,1,0,1
counterproductive,1,0,1
counters,1,0,1
counterterrorism,0,2,2
counties,0,7,7
counting,3,15,18
countless,2,8,10
countri,1,0,1
countries,121,158,279
countrty,0,1,1
country,516,1074,1590
countrydemocrats,0,1,1
countrydonald,1,0,1
countrys,1,5,6
countrythanks,0,1,1
countryto,0,1,1
countrywide,0,1,1
counts,5,3,8
county,13,41,54
counyry,1,0,1
coup,19,26,45
couple,4,18,22
coupled,2,0,2
courage,6,39,45
courageou,0,1,1
courageous,1,22,23
courant,1,0,1
couric,1,0,1
course,19,92,111
courses,0,10,10
court,1,0,1
courtesty,1,0,1
courtesy,1,5,6
courthouse,2,0,2
courts,12,24,36
cousin,0,1,1
cousins,0,1,1
cousy,0,6,6
cove,30,38,68
cover,1,0,1
coverage,35,31,66
covered,20,15,35
covering,10,13,23
coverings,0,1,1
covers,5,7,12
coverup,2,3,5
covfefe,0,2,2
covi,0,1,1
covid,43,92,135
covidview,0,2,2
covington,2,2,4
cow,4,0,4
coward,0,1,1
cowardice,3,2,5
cowardly,2,1,3
cowards,2,6,8
cowboy,0,3,3
cowboys,0,3,3
cowe,0,1,1
cowered,1,0,1
cowers,1,0,1
cowerto,0,1,1
cows,1,2,3
cox,0,9,9
coyotes,4,1,5
coz,0,1,1
cpac,2,21,23
cpi,1,0,1
cr,0,1,1
crack,0,1,1
crackdown,0,3,3
cracke,0,1,1
cracking,1,1,2
cracks,1,1,2
craddick,1,0,1
cradling,1,0,1
craft,1,4,5
crafted,2,0,2
crafting,0,2,2
craftsmanshi,0,1,1
craig,1,2,3
crame,0,2,2
crandon,0,1,1
crank,0,1,1
cranked,2,0,2
cranks,0,1,1
crap,3,4,7
crash,15,5,20
crashed,7,2,9
crashes,2,1,3
crashing,2,3,5
cratered,1,1,2
crazed,9,11,20
crazie,1,0,1
crazies,1,2,3
craziest,0,1,1
craziness,1,1,2
crazy,126,98,224
crazytown,0,1,1
cream,0,1,1
create,12,50,62
created,24,52,76
creates,3,7,10
creati,0,1,1
creating,10,22,32
creation,4,7,11
creative,1,2,3
creativity,0,1,1
creato,0,5,5
creators,1,2,3
creats,1,0,1
creature,1,1,2
creatures,1,0,1
cred,4,1,5
credence,1,1,2
credentials,2,2,4
credibility,59,18,77
credibilitya,1,0,1
credible,5,4,9
credico,1,0,1
credit,37,50,87
credited,1,1,2
credits,0,1,1
credulous,0,1,1
creed,0,4,4
creek,0,1,1
creep,3,0,3
creepste,1,0,1
creepy,0,3,3
crew,5,8,13
crews,1,3,4
cricket,0,2,2
cried,3,3,6
cries,3,0,3
crim,1,1,2
crime,197,279,476
crimea,5,5,10
crimecrimecrime,0,1,1
crimes,58,23,81
crimi,0,1,1
crimina,0,1,1
criminal,50,68,118
criminality,3,1,4
criminalization,1,0,1
criminalize,0,1,1
criminally,1,0,1
criminals,32,32,64
crimson,0,1,1
cringing,0,1,1
crippled,0,31,31
crippledamerica,0,9,9
crippling,1,1,2
crises,1,0,1
crisi,1,3,4
crisis,54,60,114
crisp,0,1,1
critcal,0,1,1
criteria,1,2,3
critic,0,1,1
critical,12,37,49
criticism,1,8,9
criticize,7,7,14
criticized,11,4,15
criticizes,2,1,3
criticizing,5,2,7
critics,2,7,9
critique,0,1,1
critiques,0,1,1
crocked,0,1,1
crocodile,1,0,1
cronies,0,5,5
crony,1,0,1
cronyism,0,1,1
crook,4,0,4
crooked,314,124,438
crookedhillary,12,32,44
crookedjournalism,1,0,1
crookedly,0,1,1
crosby,0,1,1
cross,5,12,17
crosse,0,2,2
crossed,2,1,3
crosses,2,1,3
crossfire,2,1,3
crossing,4,7,11
crossings,5,4,9
crossove,1,0,1
crovatto,0,1,1
crowd,31,206,237
crowded,6,1,7
crowds,17,52,69
crowdso,0,1,1
crowdsold,0,1,1
crowdwe,0,1,1
crowley,1,0,1
crown,1,11,12
crozie,0,1,1
crucial,2,4,6
crude,1,2,3
cruel,3,0,3
cruelty,1,1,2
cruise,3,4,7
cruises,2,1,3
cruising,0,1,1
crumble,3,1,4
crumbling,5,5,10
crumbs,1,0,1
crunch,1,0,1
crus,0,1,1
crusade,0,1,1
crush,4,2,6
crushed,5,1,6
crushes,1,0,1
crushing,1,10,11
crushingit,1,0,1
crutches,0,1,1
cruz,104,160,264
cruzcrew,0,1,1
cruze,0,1,1
cruzfraud,0,1,1
cruzhad,0,1,1
cryin,25,15,40
cryinchuck,1,0,1
crying,9,1,10
crypto,1,0,1
cryptocurrencies,1,0,1
crystal,1,6,7
csn,0,1,1
cst,0,1,1
ct,0,3,3
cta,0,1,1
cte,0,1,1
cties,1,0,1
ctprimary,0,1,1
cu,0,2,2
cuba,6,7,13
cubamemorandum,0,1,1
cuban,2,11,13
cubans,0,1,1
cubavideo,0,1,1
cubs,1,2,3
cuccinelli,0,1,1
cudgel,0,1,1
cueto,1,0,1
cull,0,1,1
cullen,1,0,1
culminating,1,2,3
culmination,0,1,1
culprit,0,1,1
cult,0,1,1
cultural,2,3,5
culture,6,12,18
cultures,0,1,1
cumming,1,0,1
cummings,12,3,15
cumulative,1,0,1
cunning,1,1,2
cunningham,0,1,1
cuntry,0,1,1
cuomo,30,20,50
cuomos,1,0,1
cup,1,17,18
curate,0,1,1
curb,0,1,1
curbing,0,2,2
cure,3,5,8
cured,0,1,1
cures,1,3,4
curfew,1,1,2
curiel,1,1,2
curious,0,2,2
currencies,3,5,8
currency,16,21,37
current,21,22,43
currently,9,26,35
curriculum,0,1,1
curry,0,1,1
curse,2,0,2
cursing,1,0,1
curtis,0,3,3
curve,3,3,6
curved,1,0,1
cushy,0,1,1
cusp,0,2,2
custody,2,3,5
custom,1,0,1
customary,1,0,1
custome,1,2,3
customers,5,5,10
customized,0,1,1
customs,0,4,4
custserv,0,1,1
cut,98,54,152
cute,4,19,23
cutest,0,1,1
cuting,0,1,1
cuts,95,83,178
cutsetc,0,1,1
cutssecurity,1,0,1
cutte,0,8,8
cutting,19,34,53
cuttingstock,0,1,1
cuz,1,2,3
cybe,2,5,7
cyberattack,0,1,1
cybersecurity,0,2,2
cycle,12,3,15
cycles,0,1,1
cyclone,0,5,5
cylinders,1,0,1
cza,0,1,1
da,2,9,11
daca,59,32,91
dad,2,14,16
daddy,3,1,4
daddys,1,0,1
dade,0,1,1
dads,0,1,1
dae,1,1,2
dagan,0,1,1
dagen,1,0,1
dagge,0,2,2
dai,0,1,1
daily,12,27,39
dailycaller,0,1,1
dailyne,0,1,1
daines,0,3,3
dairy,6,1,7
dais,0,1,1
dakota,1,18,19
dallas,14,35,49
daly,0,1,1
dam,1,3,4
damage,24,13,37
damaged,2,5,7
damages,2,5,7
damaging,3,2,5
dame,1,4,5
damian,0,1,1
dammit,1,0,1
damn,6,8,14
damning,0,3,3
damnit,0,1,1
damon,0,3,3
damonknowswinning,1,0,1
dampen,0,1,1
dan,8,66,74
dana,3,14,17
dance,1,0,1
dancers,0,1,1
dancing,1,6,7
dange,12,14,26
dangerous,67,52,119
dangerously,0,1,1
dangers,1,3,4
danials,0,1,1
daniel,1,17,18
daniels,1,1,2
danny,1,15,16
dare,1,6,7
dared,1,0,1
dareing,0,1,1
dares,1,0,1
dark,5,6,11
darkened,0,1,1
darkening,1,0,1
darkest,0,2,2
darknet,0,1,1
darling,1,0,1
darn,1,1,2
darrell,3,4,7
darth,0,1,1
dash,0,1,1
dashboard,0,1,1
dastardly,0,1,1
data,9,18,27
database,2,1,3
date,14,22,36
datenight,0,1,1
dates,1,0,1
dating,1,1,2
daught,0,1,1
daughte,6,30,36
daughters,1,1,2
dave,1,5,6
davenpo,0,2,2
davi,0,2,2
david,19,79,98
davidcameron,0,1,1
davidson,4,4,8
davis,4,7,11
davos,1,12,13
dawn,0,2,2
dawsey,0,1,1
dax,1,0,1
day,176,532,708
daylight,1,1,2
days,71,118,189
daytime,1,0,1
dayton,7,12,19
daytona,1,15,16
dc,11,30,41
dco,0,1,1
dcs,1,1,2
dday,0,15,15
dea,1,19,20
dead,67,21,88
deadliest,1,1,2
deadline,5,2,7
deadlines,1,1,2
deadly,6,8,14
deadpan,0,1,1
deafness,1,0,1
deal,249,346,595
deale,1,0,1
dealers,4,5,9
dealing,19,18,37
dealings,3,5,8
dealit,0,1,1
dealmake,1,1,2
deals,60,88,148
dealt,6,6,12
dean,6,3,9
dearly,3,3,6
death,54,20,74
deaths,23,7,30
deb,0,2,2
debacle,2,3,5
debartolo,0,1,1
debased,1,0,1
debat,1,1,2
debate,94,237,331
debated,0,1,1
debatenight,3,8,11
debates,44,55,99
debating,3,4,7
debbie,7,12,19
deberias,1,0,1
deblasio,5,1,6
deborah,0,1,1
debra,1,0,1
debt,11,31,42
debunk,0,2,2
debunked,1,1,2
debunking,0,2,2
debunks,1,0,1
debuts,0,1,1
dec,0,3,3
decade,2,7,9
decades,38,50,88
decaying,0,2,2
deceit,1,4,5
deceitful,4,1,5
deceitnew,0,1,1
deceits,1,0,1
deceive,0,1,1
deceived,0,3,3
deceiving,1,1,2
decembe,8,18,26
decent,2,5,7
decepcionado,1,0,1
deception,3,5,8
deceptive,2,4,6
deceptively,0,1,1
decide,6,21,27
decided,15,19,34
decides,4,4,8
deciding,0,4,4
decieved,1,0,1
decimate,0,1,1
decimated,2,2,4
decimating,0,1,1
decisio,1,0,1
decision,56,86,142
decisions,17,12,29
decisiv,1,0,1
decisive,3,14,17
decisively,1,2,3
deck,2,1,3
declaration,3,11,14
declarations,1,0,1
declaratory,0,1,1
declare,3,12,15
declared,4,9,13
declares,1,6,7
declaring,4,4,8
declassification,1,2,3
declassifications,1,0,1
declassified,4,12,16
declassify,1,5,6
declassifyin,0,1,1
declassifying,0,1,1
decli,0,1,1
decline,2,6,8
declined,3,0,3
declines,0,1,1
declining,2,3,5
decommission,0,1,1
decontamination,0,1,1
decorated,2,4,6
decoration,0,1,1
decorations,0,2,2
decorum,0,1,1
decoupling,0,1,1
decrease,3,1,4
decreased,2,0,2
decree,0,1,1
decriminalization,0,1,1
decriminalize,1,1,2
dedi,0,1,1
dedicate,0,2,2
dedicated,1,12,13
dedication,1,12,13
deduct,1,1,2
deducti,1,0,1
deductibility,1,2,3
deductible,2,0,2
deductibles,6,6,12
deduction,1,0,1
dee,1,3,4
deed,0,1,1
deeds,0,3,3
deem,1,0,1
deep,14,41,55
deepe,3,1,4
deepen,0,1,1
deepest,19,5,24
deeply,9,6,15
deepstate,2,0,2
deere,0,1,1
deerfield,0,2,2
defa,1,0,1
deface,4,2,6
defaced,0,1,1
defacing,0,2,2
defamation,0,1,1
defamatory,1,0,1
defame,2,1,3
defamed,0,1,1
defaming,0,1,1
default,4,0,4
defeat,19,37,56
defeated,15,4,19
defeating,2,4,6
defeatism,1,0,1
defeatthemobfund,0,1,1
defecting,0,1,1
defections,1,1,2
defective,1,3,4
defend,25,49,74
defende,0,1,1
defended,1,5,6
defenders,1,1,2
defending,7,16,23
defends,3,14,17
defendthesecond,0,1,1
defense,16,69,85
defenseless,1,0,1
defenses,0,2,2
defensive,2,2,4
deference,1,0,1
deferral,2,0,2
defiance,1,1,2
defiant,2,0,2
deficiencies,0,3,3
deficient,1,1,2
deficit,10,11,21
deficits,9,2,11
defied,0,1,1
defies,0,1,1
define,4,1,5
defined,2,1,3
defining,0,1,1
definitely,5,20,25
definition,4,7,11
definitive,1,1,2
definitively,0,1,1
deflated,1,0,1
deflect,1,1,2
defraud,2,1,3
defrauded,3,1,4
defrauding,1,0,1
defunct,0,1,1
defund,19,4,23
defunded,1,1,2
defunding,5,3,8
defunds,0,1,1
defy,1,5,6
defying,2,2,4
degenerate,4,1,5
degenerates,1,0,1
degraded,0,2,2
degree,2,2,4
degrees,4,3,7
del,1,4,5
delaware,0,7,7
delay,24,9,33
delayed,11,2,13
delaying,2,4,6
delays,8,2,10
delegate,1,5,6
delegated,0,1,1
delegates,11,15,26
delegation,4,14,18
delegations,0,3,3
delete,3,1,4
deleted,32,8,40
deleting,2,0,2
deletion,1,0,1
deliberate,0,2,2
deliberately,1,2,3
deliberations,0,1,1
delicious,0,1,1
delight,0,1,1
delighted,0,5,5
delinquent,3,1,4
delive,15,56,71
deliverance,0,1,1
delivered,10,36,46
deliveries,1,2,3
delivering,3,37,40
delivers,5,39,44
delivery,4,5,9
dels,1,0,1
delta,1,0,1
deluded,1,0,1
delusion,5,6,11
delusional,0,1,1
dem,59,39,98
demagogue,1,0,1
demagoguery,0,1,1
demand,14,43,57
demanded,5,4,9
demanding,8,6,14
demands,10,6,16
demdebate,17,26,43
demdebates,0,2,2
demean,10,5,15
demeaning,2,5,7
demeano,0,1,1
demented,3,2,5
demings,0,1,1
demise,1,0,1
demo,1,5,6
democ,4,1,5
democra,2,2,4
democracy,6,21,27
democrat,216,242,458
democratic,35,40,75
democratically,0,1,1
democraticdebate,0,5,5
democrats,816,754,1570
democratsfortrump,0,3,3
democratshateamerica,0,1,1
democratshutdown,1,0,1
democrsts,0,1,1
demographics,0,1,1
demolished,0,1,1
demolition,0,2,2
demonize,0,1,1
demonizing,1,0,1
demonstra,0,1,1
demonstrably,0,1,1
demonstrate,1,1,2
demonstrated,2,2,4
demonstrates,0,2,2
demonstrating,2,1,3
demonstration,0,1,1
demonstrations,0,1,1
demonstrato,0,1,1
demonstrators,2,0,2
demoralized,1,0,1
demos,1,0,1
demosalso,0,1,1
demoted,2,0,2
dems,363,232,595
demsi,0,1,1
demsinphilly,0,1,1
den,1,0,1
denali,0,1,1
denial,1,3,4
denials,0,1,1
denied,6,6,12
deniers,0,1,1
denies,1,5,6
denigrate,2,1,3
denmark,2,5,7
dennard,1,0,1
denny,0,2,2
denounce,2,2,4
denounces,1,2,3
denouncing,0,1,1
denuclearization,9,9,18
denuclearize,2,2,4
denunciation,0,1,1
denve,2,8,10
deny,5,13,18
denying,3,7,10
denzel,0,1,1
denzelwashington,1,0,1
deodorant,0,1,1
dep,0,1,1
depa,1,0,1
departed,2,5,7
departing,1,31,32
department,52,61,113
departments,7,6,13
departs,0,2,2
departure,1,0,1
depend,0,1,1
dependability,0,1,1
dependable,0,1,1
dependency,0,1,1
dependent,2,0,2
depending,0,7,7
depends,2,0,2
depict,0,2,2
depicted,1,1,2
depl,1,0,1
deplete,0,1,1
depleted,2,6,8
depletion,1,0,1
deplorable,0,1,1
deplorablein,0,1,1
deplorables,4,7,11
deplore,0,2,2
deploy,2,2,4
deployed,2,4,6
deployments,0,1,1
depo,4,3,7
deportation,1,5,6
deportations,4,1,5
deported,8,3,11
deporting,1,1,2
depose,1,0,1
deposing,0,1,1
deposition,0,3,3
depositions,2,0,2
depot,2,1,3
depraved,0,1,1
depravity,1,1,2
depreci,1,0,1
depreciating,1,0,1
depreciation,1,0,1
depres,0,1,1
depress,0,1,1
depressed,1,1,2
depressing,1,0,1
depression,9,2,11
deprimary,0,1,1
deprived,1,0,1
depriving,1,1,2
dept,3,23,26
depth,0,6,6
depths,0,1,1
deput,0,1,1
deputies,1,1,2
deputy,5,10,15
derail,1,1,2
derailment,1,0,1
derails,1,0,1
deranged,8,6,14
derangement,3,8,11
derby,4,1,5
derco,0,1,1
dereg,1,0,1
deregulate,1,0,1
deregulated,1,0,1
deregulation,2,2,4
deregulatory,0,1,1
derek,0,2,2
derelict,1,0,1
dereliction,1,0,1
derogatory,2,0,2
deroy,1,1,2
derp,0,1,1
derry,0,1,1
dershowitz,6,11,17
des,4,13,17
desaloja,0,1,1
desantis,4,11,15
descend,0,1,1
descendants,1,0,1
descent,1,0,1
described,0,1,1
describes,0,1,1
describing,0,5,5
description,2,2,4
desde,0,1,1
desecrated,0,1,1
desecration,0,1,1
deserte,1,0,1
deserted,1,1,2
deserting,0,1,1
desertion,1,0,1
deserve,10,35,45
deserved,1,9,10
deserves,5,27,32
deserving,0,1,1
design,0,6,6
designate,0,1,1
designated,0,2,2
designates,0,1,1
designating,0,4,4
designation,0,1,1
designations,0,2,2
designed,4,11,15
designers,0,1,1
designs,0,1,1
desire,0,5,5
desired,1,1,2
desires,1,0,1
desk,6,10,16
despai,1,5,6
desperate,29,15,44
desperately,46,21,67
desperation,2,1,3
despicable,2,7,9
despise,1,0,1
despised,0,1,1
despises,1,0,1
despite,89,115,204
destabalize,1,0,1
destabilize,2,2,4
destabilizing,1,0,1
destination,0,2,2
destinations,1,0,1
destined,1,5,6
destinies,0,1,1
destiny,0,9,9
destr,1,0,1
destroy,38,59,97
destroyed,39,11,50
destroying,9,13,22
destroys,2,13,15
destruct,0,1,1
destruction,10,21,31
destructive,4,8,12
detailed,2,5,7
details,3,19,22
detain,2,2,4
detained,6,2,8
detainee,1,0,1
detainees,1,1,2
detainment,0,1,1
detangment,0,1,1
detect,1,2,3
detection,0,1,1
detective,0,1,1
detention,6,2,8
detentions,1,0,1
deter,0,1,1
deteriorating,0,1,1
determination,0,13,13
determine,7,7,14
determined,3,14,17
determining,1,1,2
deterred,0,1,1
deterrence,1,0,1
deterrent,2,4,6
detractors,1,1,2
detriment,2,3,5
detrimental,0,1,1
detroit,2,6,8
deutsch,0,1,1
deutsche,1,0,1
deutschebank,1,0,1
devaluation,4,2,6
devaluations,1,0,1
devalue,3,1,4
devalued,1,2,3
devaluing,1,1,2
devaney,0,1,1
devastate,0,1,1
devastated,16,4,20
devastating,19,7,26
devastation,3,6,9
develop,5,12,17
develope,0,2,2
developed,2,4,6
developers,2,1,3
developing,5,10,15
developingthe,1,0,1
development,3,24,27
developments,2,6,8
deven,0,1,1
devi,0,1,1
device,1,0,1
devices,2,3,5
devil,0,1,1
devils,0,1,1
devin,2,9,11
devious,0,1,1
devised,1,1,2
devoid,0,1,1
devon,0,1,1
devote,3,3,6
devoted,1,4,5
devotes,0,1,1
devotion,1,11,12
dew,0,1,1
dewey,0,2,2
dewine,0,1,1
dhabi,0,2,2
dhs,2,8,10
di,4,22,26
diabetes,0,1,1
diagnos,1,0,1
diagnosis,1,0,1
diagnostic,1,0,1
dial,1,0,1
dialing,0,1,1
dialogue,2,11,13
diamond,1,8,9
diana,0,1,1
diane,1,2,3
dianne,3,1,4
diapers,0,1,1
diary,0,2,2
diblasio,1,0,1
dicey,1,1,2
dick,5,1,6
dickerson,0,2,2
dicks,0,1,1
dicky,2,0,2
dictate,1,1,2
dictates,1,0,1
dictato,1,1,2
dictatorship,2,0,2
did,476,336,812
diddy,0,1,1
didn,171,47,218
didnt,30,9,39
didyouknow,0,1,1
didyouseethat,0,1,1
die,13,11,24
died,40,8,48
diego,5,11,16
dieing,1,1,2
dies,2,0,2
diff,1,1,2
diffe,1,1,2
difference,12,30,42
differences,1,3,4
different,33,51,84
differently,3,3,6
differing,0,1,1
difficult,25,13,38
difficulties,2,1,3
difficultmay,1,0,1
difficulty,3,1,4
dig,1,5,6
digenova,5,2,7
digests,0,1,1
diggin,0,1,1
digging,2,0,2
digit,0,4,4
digital,0,8,8
digits,0,2,2
dignified,0,2,2
dignity,2,8,10
dignitytrump,0,1,1
digs,0,1,1
dilanian,0,1,1
dilapidated,1,0,1
dile,0,1,1
dilemma,2,1,3
diligence,0,4,4
diligently,0,1,1
dille,3,1,4
dilloncjtf,0,1,1
dilute,0,1,1
dim,0,1,1
dimensionns,1,0,1
dimensions,1,0,1
diminish,2,1,3
dimlibs,0,1,1
dimms,0,1,1
dimon,1,2,3
dina,0,1,1
dinald,0,1,1
dine,0,1,1
dinesh,0,2,2
dingell,3,3,6
dining,0,5,5
dinne,9,40,49
dioxide,1,0,1
diplomacy,2,0,2
diplomat,1,0,1
diplomatic,0,1,1
diplomatically,0,2,2
diplomats,1,1,2
dipping,0,1,1
dipshit,0,1,1
dire,1,1,2
direct,7,21,28
directed,1,11,12
directing,2,4,6
direction,7,24,31
directions,0,9,9
directive,0,1,1
directly,11,15,26
directness,1,0,1
directo,34,69,103
directors,0,4,4
dirtiest,0,1,1
dirty,35,19,54
dis,2,0,2
disabilities,1,1,2
disability,1,0,1
disabled,6,1,7
disadvantage,2,5,7
disadvantaged,1,0,1
disaffected,1,0,1
disagree,3,5,8
disagreed,1,1,2
disagreement,1,2,3
disallow,0,1,1
disappea,1,2,3
disappeared,14,1,15
disappoint,2,7,9
disappointed,16,2,18
disappointing,3,0,3
disappointment,2,0,2
disapproval,0,4,4
disapprove,0,1,1
disapproves,0,1,1
disarm,0,2,2
disarray,3,2,5
disaste,77,93,170
disaster,1,0,1
disasters,3,1,4
disastrous,9,8,17
disavow,1,1,2
disavowed,2,1,3
disba,1,0,1
disband,0,1,1
disbanded,0,1,1
disbarred,1,0,1
disbursed,0,1,1
disc,0,1,1
discernment,0,1,1
discgrace,1,0,1
disciples,0,1,1
disciplinary,2,1,3
discipline,0,1,1
disciplined,0,1,1
disclaime,2,1,3
disclose,5,3,8
disclosed,1,2,3
disclosure,4,9,13
disclosures,2,0,2
disconnected,1,0,1
discord,0,2,2
discou,0,1,1
discount,1,0,1
discounting,1,1,2
discouraged,1,0,1
discouragement,0,1,1
discouraging,0,1,1
discourse,0,1,1
discovered,4,4,8
discovering,0,1,1
discovers,0,2,2
discovery,1,4,5
discredit,2,5,7
discredited,20,18,38
discreet,1,0,1
discretio,1,0,1
discretion,3,1,4
discribing,1,0,1
discriminate,0,1,1
discriminated,0,1,1
discriminating,0,1,1
discrimination,0,4,4
discriminatory,0,2,2
discriptive,0,1,1
discused,0,1,1
discuss,11,67,78
discussed,11,33,44
discusses,0,12,12
discussing,13,34,47
discussion,3,13,16
discussions,1,16,17
disdain,2,0,2
dise,0,1,1
diseas,0,1,1
disease,3,1,4
diseases,0,4,4
disembark,1,1,2
disenfranchise,1,0,1
disenfranchised,2,0,2
disengenuos,0,1,1
disfunction,0,1,1
disfunctional,1,0,1
disgrace,54,38,92
disgraced,16,8,24
disgraceful,35,23,58
disgruntled,4,0,4
disguis,0,1,1
disguise,1,0,1
disgust,0,3,3
disgusted,3,3,6
disgusting,39,16,55
disgustingly,0,1,1
dish,0,1,1
disheartened,0,1,1
disheartening,1,0,1
dishes,0,1,1
dishonest,102,87,189
dishonesty,7,13,20
dishono,1,1,2
dishonorable,0,1,1
dishonoring,0,1,1
disillusioned,0,1,1
disinfectants,0,1,1
disinformation,6,9,15
disingenuous,0,1,1
disintegrate,0,1,1
disinvestment,1,0,1
dislike,1,0,1
disloyal,8,5,13
disloyalty,1,1,2
dismal,2,0,2
dismantle,2,4,6
dismantled,1,2,3
dismantles,0,1,1
dismantling,2,3,5
dismembering,0,1,1
dismiss,4,7,11
dismissal,2,0,2
dismissed,2,6,8
dismissing,0,4,4
disney,2,3,5
disorde,0,1,1
disparage,6,2,8
disparaged,1,0,1
disparaging,0,2,2
disparagingly,0,1,1
dispatched,1,0,1
dispel,0,1,1
display,9,12,21
displayed,0,3,3
displaying,0,3,3
displays,0,1,1
disposable,1,0,1
disposal,0,3,3
dispose,0,1,1
disposed,1,3,4
disposing,2,0,2
disproportionate,2,1,3
disproportionately,0,1,1
disproven,1,2,3
dispute,3,5,8
disputed,1,1,2
disputes,0,3,3
disqualified,1,2,3
disqualify,1,0,1
disqualifying,1,1,2
disregard,2,1,3
disregarded,0,1,1
disregarding,0,1,1
disrepai,0,1,1
disreputable,1,0,1
disrespect,7,12,19
disrespected,3,1,4
disrespectful,3,2,5
disrespectfully,1,0,1
disrespecting,1,5,6
disrupt,1,2,3
disrupte,1,1,2
disrupted,1,1,2
disruption,1,6,7
disruptions,0,1,1
disruptive,1,0,1
disruptors,1,0,1
disrupts,1,0,1
dissapating,0,1,1
dissect,0,2,2
dissected,1,0,1
dissed,0,1,1
disseminating,1,0,1
dissension,0,2,2
dissent,1,2,3
disservice,1,1,2
disses,0,1,1
dissipates,1,0,1
distan,0,1,1
distance,6,1,7
distanci,0,1,1
distancing,5,14,19
distant,1,4,5
distasteful,0,1,1
distillers,0,1,1
distillery,1,0,1
distinction,0,8,8
distinguish,1,0,1
distinguished,3,6,9
disto,2,4,6
distorted,6,2,8
distorting,1,1,2
distortion,0,2,2
distortions,0,3,3
distorts,0,1,1
distract,3,8,11
distraction,1,1,2
distractions,0,1,1
distrbution,1,0,1
distri,1,0,1
distribut,0,1,1
distribute,1,2,3
distributed,0,1,1
distributing,0,1,1
distribution,1,3,4
distributors,1,1,2
district,24,40,64
districts,8,6,14
distroys,0,1,1
distrust,1,1,2
disturb,0,1,1
disturbance,0,1,1
disturbances,1,0,1
disturbed,3,0,3
disturbing,2,2,4
disunity,1,0,1
ditch,1,0,1
dithe,0,1,1
ditka,0,2,2
ditto,0,1,1
diva,1,0,1
dive,1,2,3
diverse,1,2,3
diversionary,2,0,2
diversity,0,2,2
diverted,2,1,3
dives,0,1,1
divide,3,3,6
divided,9,6,15
dividends,0,1,1
dividing,3,1,4
divine,0,1,1
division,8,2,10
divisive,0,1,1
divorced,3,1,4
diwali,0,4,4
diya,0,2,2
djt,7,14,21
dlg,0,1,1
dmd,0,1,1
dmz,0,3,3
dna,2,0,2
dnc,58,38,96
dncleak,0,1,1
dni,3,8,11
doable,1,0,1
dobbs,0,12,12
doc,3,1,4
docinmich,0,1,1
docking,0,1,1
docks,0,1,1
docs,7,9,16
docto,5,15,20
doctored,0,1,1
doctors,6,16,22
doctrine,0,5,5
docum,0,1,1
document,3,10,13
documentary,2,1,3
documentation,1,1,2
documented,1,3,4
documents,37,25,62
dod,2,2,4
dodd,0,2,2
dodge,1,2,3
dodgers,0,2,2
dodging,0,1,1
doe,1,0,1
doemocrat,1,0,1
doers,0,1,1
does,283,179,462
doesn,117,60,177
doesnt,37,11,48
dog,18,15,33
doggedly,0,1,1
dogs,5,1,6
doha,0,1,1
doi,0,1,1
doing,283,506,789
doings,1,1,2
doj,29,65,94
dokey,0,1,1
dole,4,4,8
dolla,23,54,77
dollars,175,128,303
dollarsi,1,0,1
dolt,0,1,1
dom,0,1,1
domain,6,4,10
domenech,1,0,1
domestic,4,7,11
dominance,1,5,6
dominant,2,5,7
dominate,1,4,5
dominated,4,1,5
dominates,1,3,4
dominating,1,8,9
domination,0,4,4
dominican,0,2,2
don,343,234,577
donahue,0,1,1
donal,1,2,3
donald,139,802,941
donaldforpresident,0,2,2
donaldjtrump,0,1,1
donaldtrump,42,138,180
donaldtrumpforpresident,0,3,3
donaldtrumprocks,0,1,1
donaldwillbethegopnominee,0,1,1
donate,1,10,11
donated,0,5,5
donates,1,3,4
donating,2,6,8
donation,1,8,9
donations,4,9,13
donimus,0,1,1
donna,5,5,10
donned,0,1,1
donnell,5,3,8
donnelly,3,0,3
donny,1,5,6
dono,2,3,5
donohue,0,1,1
donors,14,11,25
donothingdemocrats,1,1,2
donothingdems,0,1,1
donovan,0,3,3
dont,56,41,97
doo,10,7,17
doocy,0,1,1
doom,0,1,1
doomed,5,3,8
doonbeg,1,4,5
doors,11,7,18
doorsteps,0,1,1
dope,8,7,15
dopes,3,3,6
dopey,14,9,23
doral,5,24,29
doria,0,1,1
dorian,16,37,53
dorn,3,2,5
dornsife,0,1,1
dorothy,0,1,1
dorton,0,1,1
dos,0,1,1
dose,2,1,3
doses,0,1,1
dossie,58,49,107
dossier,1,0,1
dossiera,0,1,1
doub,1,2,3
double,23,24,47
doubled,1,6,7
doubles,2,0,2
doubling,3,5,8
doubt,14,42,56
doubted,1,0,1
doubters,0,2,2
doubts,1,5,6
doug,1,24,25
dough,0,1,1
douglas,2,2,4
douglass,1,0,1
dov,0,2,2
dove,2,0,2
dovish,0,1,1
dow,13,29,42
dowd,2,4,6
dowhatwesaid,0,1,1
downgraded,0,1,1
downhill,0,1,1
downing,1,0,1
downloaded,0,1,1
downloading,0,1,1
downplay,1,1,2
downright,0,1,1
downside,1,0,1
downtonabbey,1,0,1
downtown,0,2,2
downturn,2,0,2
downward,3,4,7
downwonde,0,1,1
doyle,0,1,1
dozen,2,3,5
dozens,3,7,10
dprk,0,1,1
dps,0,1,1
dr,0,1,1
draft,0,1,1
drafted,1,1,2
drafting,0,1,1
drag,2,2,4
dragged,1,0,1
draghi,2,0,2
dragon,0,3,3
dragons,0,1,1
drags,0,1,1
drain,22,15,37
drained,1,0,1
draining,8,1,9
draintheswam,0,1,1
draintheswamp,20,63,83
draintheswampwatch,0,1,1
drake,1,0,1
drama,7,6,13
dramas,0,1,1
dramatic,3,4,7
dramatically,5,5,10
drastic,1,0,1
drastically,2,0,2
draw,1,0,1
drawing,3,4,7
drawn,3,5,8
draws,0,1,1
dre,0,1,1
dream,12,52,64
dreamed,1,1,2
dreamers,0,1,1
dreaming,1,0,1
dreams,5,11,16
dreamt,0,1,1
drehle,0,1,1
dress,0,3,3
dressed,2,2,4
drew,2,18,20
drifted,0,1,1
drill,2,0,2
drilling,3,1,4
drills,2,0,2
drinking,1,1,2
drip,3,2,5
driv,0,1,1
drive,9,23,32
driven,7,7,14
drivers,1,7,8
driversutility,0,1,1
drives,1,1,2
driving,12,15,27
dro,1,0,1
drone,7,4,11
droned,0,1,1
drones,0,2,2
droneship,0,1,1
drooling,2,0,2
drop,20,21,41
dropout,1,0,1
dropouts,1,0,1
dropped,39,12,51
dropping,12,8,20
drops,4,3,7
drought,1,1,2
drove,2,2,4
droves,0,4,4
drowning,1,0,1
drs,1,0,1
drudge,2,14,16
drudgetime,1,0,1
drug,62,67,129
drugged,0,2,2
druggies,1,0,1
drugs,42,60,102
drum,0,3,3
drumbeat,1,0,1
drumstick,0,1,1
drunk,2,4,6
drunken,1,0,1
dry,6,0,6
ds,1,0,1
dt,2,10,12
dtmag,0,2,2
dts,0,2,2
du,0,3,3
dual,0,1,1
dubai,0,3,3
dubiou,0,1,1
dubuque,0,2,2
ducey,0,2,2
duchenne,0,1,1
duchess,0,5,5
duck,3,1,4
duckdynasty,0,1,1
ducking,0,2,2
duda,0,6,6
dude,0,2,2
dudes,1,0,1
duel,0,1,1
duerk,0,1,1
dues,3,7,10
duffy,0,4,4
dug,1,1,2
duh,0,1,1
duites,0,1,1
duke,0,6,6
dull,0,1,1
duluth,0,4,4
duly,4,5,9
dumb,43,21,64
dumbe,5,4,9
dumbest,10,14,24
dumbfounded,0,1,1
dummies,2,4,6
dummy,17,13,30
dump,5,2,7
dumped,6,2,8
dumping,4,4,8
dumpmacys,0,1,1
dunes,1,0,1
dunford,0,1,1
dungeon,0,1,1
dunk,0,1,1
dunn,2,4,6
duped,4,2,6
duplicat,1,0,1
duplication,1,0,1
dupont,1,1,2
durbin,5,0,5
durdin,0,1,1
durham,2,4,6
dust,3,2,5
dustin,0,5,5
dusty,0,2,2
dutch,0,1,1
dutchess,0,1,1
duties,1,3,4
duty,10,35,45
dv,1,4,5
dvrd,1,0,1
dwight,0,1,1
dwindling,1,3,4
dws,1,0,1
dwyane,1,1,2
dye,1,1,2
dying,36,7,43
dynamic,3,1,4
dynamics,0,2,2
dynasty,3,4,7
dysfunctional,0,3,3
dystopia,1,0,1
dystrophy,0,1,1
ea,0,1,1
eagle,0,1,1
eagles,1,2,3
earlie,12,37,49
earliest,1,4,5
early,47,91,138
earlyvote,0,1,1
earn,0,4,4
earned,1,15,16
earners,0,1,1
earnest,0,1,1
earnhardt,0,1,1
earnhistory,0,1,1
earning,0,1,1
earnings,4,5,9
ears,1,4,5
earth,8,33,41
earthquake,2,1,3
earthquakes,2,0,2
ease,3,6,9
easie,9,16,25
easily,37,43,80
easing,4,7,11
east,25,51,76
easte,1,25,26
eastern,6,62,68
easterners,1,0,1
eastman,0,2,2
eastwood,0,2,2
easy,41,55,96
easyhe,1,0,1
eat,0,1,1
eaten,2,0,2
eaters,0,2,2
eating,1,8,9
eatingourlunch,0,1,1
eau,0,1,1
eauclaire,0,1,1
eb,0,1,1
ebne,0,1,1
ebola,1,2,3
ebrard,0,1,1
ec,0,2,2
ecb,0,1,1
eche,0,1,1
echoed,0,1,1
echoes,1,1,2
eclipsed,0,1,1
eco,0,1,1
econ,1,0,1
econo,0,2,2
econom,2,4,6
economi,0,1,1
economic,58,142,200
economically,6,6,12
economicgrowth,0,1,1
economics,4,2,6
economies,1,6,7
economist,2,9,11
economists,1,2,3
economy,181,305,486
economymanufacturing,0,1,1
ecuado,0,2,2
ed,16,44,60
eddie,9,10,19
eddiegallaghe,0,1,1
edga,0,1,1
edge,4,5,9
edged,0,1,1
edges,0,3,3
edison,0,1,1
edit,1,0,1
edited,0,3,3
editing,1,2,3
edition,1,9,10
edito,9,6,15
editorial,14,19,33
editorials,1,0,1
editors,0,2,2
edits,1,0,1
eds,0,1,1
edt,2,13,15
educa,0,1,1
educate,0,1,1
educated,1,5,6
educates,1,0,1
education,6,24,30
educational,1,6,7
educative,0,1,1
educators,0,5,5
edward,0,1,1
edwards,3,17,20
edwin,0,2,2
ee,0,1,1
ef,0,1,1
eff,0,1,1
effec,0,1,1
effect,12,16,28
effected,0,1,1
effecting,0,1,1
effective,8,22,30
effectively,5,4,9
effects,3,1,4
efficacy,1,0,1
efficiency,0,1,1
efficient,2,4,6
efficiently,1,3,4
effing,0,1,1
effo,28,40,68
effort,1,0,1
efforts,19,44,63
efp,1,0,1
egg,0,6,6
ego,0,6,6
egop,0,1,1
egotist,1,0,1
egotistical,1,1,2
egregious,3,2,5
egypt,5,9,14
eh,1,0,1
eidl,1,0,1
eiffel,0,1,1
eighth,0,1,1
eighty,0,2,2
einstein,1,3,4
eisenhower,0,1,1
eithe,31,38,69
el,20,32,52
elaine,0,2,2
elated,0,2,2
elde,0,1,1
elderly,0,1,1
eldest,0,1,1
eldon,0,2,2
ele,1,5,6
eleccion,0,1,1
elect,13,38,51
electability,1,0,1
electable,1,1,2
electe,1,0,1
elected,45,72,117
electedunemploym,0,1,1
electi,1,0,1
electing,0,6,6
electio,0,1,1
election,262,356,618
electionday,0,7,7
electiondonald,0,2,2
electionlet,0,1,1
electionnight,2,1,3
elections,20,25,45
electoral,8,13,21
electorate,0,1,1
electric,1,16,17
electrical,1,2,3
electricity,1,5,6
electrified,2,0,2
electronic,2,1,3
electronically,0,2,2
electronics,1,1,2
electtrump,0,1,1
elegance,0,1,1
elegant,1,2,3
elegi,0,1,1
elelments,0,1,1
element,2,2,4
elementary,0,1,1
elements,1,6,7
elephant,0,1,1
elephants,2,3,5
elevated,0,2,2
elevates,0,1,1
elevation,0,2,2
elevato,1,0,1
eleventh,0,1,1
eli,0,2,2
elias,1,1,2
elie,1,0,1
eligibility,2,0,2
eligible,3,1,4
elijah,13,6,19
elimina,1,0,1
eliminate,5,13,18
eliminated,5,1,6
eliminating,1,3,4
elimination,1,1,2
eliot,0,1,1
elise,0,2,2
elissa,0,2,2
elite,0,9,9
elitehttp,0,1,1
elites,3,8,11
elitist,0,1,1
elizabeth,24,39,63
elk,0,1,1
elkha,0,1,1
elko,0,2,2
elliott,0,1,1
ellipse,0,1,1
ellis,1,0,1
ellison,0,1,1
elmendorf,0,1,1
elpaso,2,0,2
els,0,4,4
elton,0,3,3
elusive,1,0,1
elvisontopoftheworld,0,1,1
em,2,18,20
email,21,16,37
emails,59,34,93
emanated,1,0,1
emanating,0,1,1
emanuel,0,1,1
embarasssmnet,1,0,1
embargo,0,1,1
embarrass,1,6,7
embarrassed,19,7,26
embarrasses,0,1,1
embarrassing,6,1,7
embarrassingly,1,1,2
embarrassment,11,9,20
embassy,8,20,28
embedded,0,1,1
embellish,0,1,1
embers,1,0,1
emblem,0,1,1
emblematic,0,1,1
embodies,0,1,1
emboldened,0,2,2
emboldens,1,0,1
embrace,3,5,8
embraced,1,1,2
embraces,0,1,1
embracing,1,0,1
emerg,0,1,1
emerge,0,3,3
emerged,1,2,3
emergen,1,0,1
emergencies,1,1,2
emergency,35,27,62
emerges,1,3,4
emerging,1,0,1
emergy,1,0,1
emerson,6,0,6
emily,0,2,2
eminent,7,2,9
emirates,0,1,1
emission,1,0,1
emissions,4,2,6
emma,0,1,1
emmanuel,2,3,5
emmet,0,2,2
emmys,1,1,2
emoluments,1,1,2
emotion,3,1,4
emotional,4,3,7
empathy,1,2,3
empero,0,5,5
emphasis,1,5,6
emphasizes,0,1,1
emphatic,1,1,2
empire,1,13,14
empires,0,1,1
employ,2,4,6
employe,0,2,2
employed,3,10,13
employee,4,5,9
employees,13,10,23
employers,2,1,3
employing,1,0,1
employment,10,21,31
employs,0,1,1
empowe,2,5,7
empowered,0,1,1
empowering,0,7,7
empowerment,0,2,2
empress,0,2,2
empt,0,1,1
emptive,0,1,1
ems,0,1,1
emulate,0,1,1
en,1,13,14
ena,0,1,1
enable,1,3,4
enabled,0,4,4
enablers,0,1,1
enabling,1,1,2
enact,0,3,3
enacted,3,1,4
enacting,1,1,2
enactment,1,0,1
encircled,1,0,1
enclaves,1,0,1
enclosed,0,1,1
encounte,1,3,4
encountering,1,0,1
encourage,2,22,24
encouraged,0,7,7
encouragement,0,1,1
encourages,3,0,3
encouraging,1,6,7
end,140,172,312
endangered,1,1,2
endangers,0,1,1
endcommoncore,0,1,1
endeavo,1,2,3
endeavors,0,1,1
ended,18,10,28
endendlesswars,0,1,1
endhivepidemic,0,1,1
endi,0,1,1
ending,20,20,40
endingwaroncoal,1,0,1
endit,1,0,1
endless,15,10,25
endlessly,2,6,8
endorse,15,17,32
endorsed,9,26,35
endorsem,0,1,1
endorsement,31,288,319
endorsements,3,3,6
endorses,2,7,9
endorsing,7,7,14
endowment,1,0,1
endrosement,0,1,1
ends,10,14,24
endure,5,8,13
endured,3,1,4
enduring,0,6,6
ene,0,2,2
enemies,10,13,23
enemy,47,60,107
enemyofthepeople,0,1,1
energetic,0,2,2
energies,0,1,1
energize,0,2,2
energized,0,5,5
energizes,1,0,1
energy,55,95,150
enforce,3,10,13
enforceable,0,1,1
enforced,0,1,1
enforcemen,1,0,1
enforcement,48,117,165
enforcers,1,0,1
enforcing,0,3,3
enforcmt,0,1,1
engage,2,3,5
engaged,4,14,18
engagement,1,4,5
engagementsleepy,0,1,1
engaging,1,2,3
engine,3,2,5
enginee,1,6,7
engineered,0,2,2
engineering,0,3,3
engineers,0,3,3
engines,0,5,5
england,1,12,13
english,0,2,2
engulfing,1,0,1
enhance,1,1,2
enhanced,3,3,6
enhancement,0,2,2
enhances,0,1,1
enjoy,7,277,284
enjoyable,0,2,2
enjoyed,1,37,38
enjoying,0,11,11
enjoyment,0,3,3
enjoys,0,3,3
enlightened,0,1,1
enlightening,0,1,1
enlightenment,1,2,3
enlist,0,1,1
enlisted,2,1,3
enlisting,0,1,1
eno,1,0,1
enormous,2,7,9
enormously,1,1,2
enq,1,0,1
enquire,1,0,1
enraged,0,1,1
enrich,2,4,6
enriched,0,1,1
enriching,2,1,3
enrique,0,1,1
enrollment,0,2,2
enshrined,0,1,1
enslave,0,1,1
ensu,0,1,1
ensue,0,1,1
ensure,10,29,39
ensures,0,2,2
ensuring,3,7,10
entail,0,1,1
entails,0,1,1
entangled,0,1,1
ente,19,15,34
enterainment,1,0,1
entered,4,3,7
entering,5,4,9
enterprise,0,3,3
enterprises,0,1,1
enters,1,0,1
entersandman,0,1,1
entertain,0,1,1
entertaine,0,2,2
entertainers,0,1,1
entertaining,2,6,8
entertainment,1,3,4
enthusiasm,11,34,45
enthusiastic,5,10,15
enti,1,0,1
entire,44,91,135
entirely,6,8,14
entirety,1,1,2
entitled,4,8,12
entitlement,0,1,1
entitlements,1,0,1
entity,1,1,2
entous,1,0,1
entrap,0,2,2
entrapment,1,0,1
entrapped,0,1,1
entrapping,1,0,1
entre,0,1,1
entrepreneu,0,11,11
entrepreneurial,0,2,2
entrepreneurs,9,119,128
entrepreneurship,0,3,3
entries,0,1,1
entry,7,3,10
enuf,1,0,1
envelope,0,1,1
enviro,0,1,1
environment,3,9,12
environmental,7,3,10
environmentalist,0,1,1
environmentalists,0,1,1
environmentally,1,2,3
envision,1,2,3
envisioned,2,0,2
envoy,2,5,7
envy,1,8,9
eo,0,7,7
ep,0,1,1
epa,0,7,7
epic,3,13,16
epicente,1,1,2
epidemic,5,11,16
epidemics,1,0,1
epipens,0,1,1
episcopal,0,2,2
episode,5,32,37
episodes,4,17,21
episodew,0,1,1
epitome,0,1,1
epitomizes,0,1,1
epitomy,0,1,1
epoll,1,0,1
eppisode,0,1,1
eps,0,1,1
epstein,0,2,2
equado,0,2,2
equal,1,18,19
equality,2,7,9
equally,1,6,7
equals,2,1,3
equated,0,1,1
equating,1,0,1
equip,0,1,1
equipment,11,12,23
equipmenthas,0,1,1
equipped,4,3,7
equity,0,2,2
equivalency,0,1,1
equivalent,1,1,2
equivocation,0,1,1
era,3,26,29
eradicate,2,5,7
eradicated,0,1,1
eradicating,0,1,1
eradication,0,2,2
erase,2,4,6
erased,1,0,1
erasing,1,0,1
erd,0,1,1
erdo,0,1,1
erdogan,0,5,5
ere,1,0,1
erected,1,0,1
erian,0,1,1
eric,7,41,48
erie,0,4,4
erik,2,0,2
erin,0,3,3
erna,0,1,1
ernie,0,3,3
ernst,0,2,2
ero,0,1,1
erratic,1,2,3
erro,3,2,5
errol,1,0,1
erroneous,0,1,1
errors,7,1,8
ers,0,1,1
erupt,0,1,1
erupts,0,1,1
es,0,1,1
escalante,0,1,1
escalating,1,0,1
escalato,2,0,2
escambia,1,0,1
escape,3,0,3
escaped,0,4,4
escapes,1,0,1
escapetotally,1,0,1
escaping,0,1,1
esco,1,0,1
escoba,1,0,1
escorted,0,2,2
escuche,0,1,1
espe,0,4,4
especially,61,60,121
esperanto,0,1,1
espionage,1,0,1
espn,2,1,3
esposito,0,1,1
espouse,1,0,1
ess,0,1,1
essence,1,1,2
essential,3,10,13
essentially,3,6,9
essentials,0,1,1
est,1,18,19
esta,0,1,1
estab,1,0,1
establish,1,6,7
established,1,7,8
establishes,0,1,1
establishing,0,1,1
establishment,36,36,72
establishments,0,1,1
estados,1,0,1
estate,2,11,13
estates,1,0,1
este,1,3,4
esteemed,0,1,1
estes,1,1,2
estima,0,1,1
estimate,1,2,3
estimated,2,2,4
estimates,1,3,4
estn,1,0,1
estonia,0,2,2
estuaries,0,1,1
et,7,37,44
etched,0,1,1
eternal,0,7,7
eternally,0,3,3
ethanol,0,6,6
ethic,3,2,5
ethical,0,1,1
ethics,3,4,7
ethiopia,2,3,5
ethiopian,0,1,1
ethnicity,3,1,4
eu,3,6,9
eugene,2,3,5
eugenie,0,1,1
eui,0,1,1
euphoria,1,0,1
euro,2,3,5
europe,30,32,62
european,19,29,48
europeans,3,1,4
europes,0,1,1
ev,1,3,4
evacuate,1,5,6
evacuated,2,0,2
evacuation,2,10,12
evacuations,0,1,1
evading,0,1,1
evaluate,0,1,1
evaluating,1,0,1
evan,1,0,1
evancho,0,1,1
evangelic,0,1,1
evangelical,6,3,9
evangelicals,5,14,19
evansville,0,3,3
eve,204,480,684
evelyn,1,0,1
evening,11,125,136
evenings,1,5,6
event,31,79,110
eventful,0,1,1
events,19,21,40
eventual,0,1,1
eventually,1,7,8
everett,0,3,3
everglades,1,1,2
evergreen,1,0,1
everlasting,0,6,6
evers,1,0,1
everthing,1,1,2
everybody,35,58,93
everybodyrockw,0,1,1
everybodys,0,1,1
everyday,3,12,15
everyo,0,1,1
everyon,0,1,1
everyou,0,1,1
everyth,0,1,1
everythi,1,0,1
everythin,1,0,1
everytime,1,1,2
everyting,0,1,1
eviden,0,1,1
evidenc,1,1,2
evidence,42,107,149
evidencethat,1,0,1
evident,0,1,1
evil,17,12,29
evilly,0,1,1
evils,0,3,3
eviscerates,0,1,1
evolution,0,1,1
evolve,0,1,1
evolved,0,1,1
evolves,0,1,1
evolving,1,0,1
ewerickson,1,0,1
ex,6,8,14
exact,12,12,24
exactly,22,43,65
exacty,0,1,1
exaggerated,1,0,1
exaggeration,1,1,2
exam,1,0,1
examination,2,0,2
examine,6,7,13
examined,0,1,1
examiner,0,1,1
exampl,0,1,1
example,7,29,36
examples,3,5,8
exams,1,0,1
exc,1,1,2
excavato,0,1,1
exceeded,1,0,1
exceeding,1,1,2
exceedingly,0,2,2
exceeds,2,1,3
excel,1,0,1
excelent,0,1,1
excellent,5,50,55
excellently,0,1,1
exception,2,3,5
exceptional,0,1,1
exceptionalist,0,1,1
exceptionally,0,3,3
exceptions,2,2,4
excess,0,4,4
excesses,0,1,1
excessive,2,1,3
exchange,2,4,6
exchanged,1,0,1
exchanges,0,3,3
excited,4,65,69
excitement,1,13,14
excites,0,2,2
exciting,4,72,76
exclaim,1,0,1
exclude,0,1,1
excluding,1,1,2
exclusive,8,31,39
exclusivedonald,1,0,1
exclusivegop,0,1,1
exclusively,0,4,4
excoriat,1,0,1
excoriate,0,1,1
excoriated,3,0,3
excoriates,0,1,1
exculpatory,0,4,4
excursion,1,0,1
excuse,18,12,30
excused,1,0,1
excuses,10,1,11
excusing,0,1,1
exe,1,2,3
exec,2,1,3
execs,2,5,7
execute,0,2,2
executed,2,4,6
executing,1,1,2
execution,4,0,4
executions,1,0,1
executive,12,55,67
executives,5,10,15
exemplary,0,2,2
exempt,1,0,1
exercise,1,13,14
exercised,0,1,1
exercises,0,3,3
exercising,0,1,1
exerted,1,0,1
exerting,0,3,3
exhausted,7,1,8
exhaustion,0,1,1
exhibit,0,2,2
exhorte,0,1,1
exist,33,17,50
existed,3,3,6
existence,2,5,7
existent,4,3,7
existing,8,22,30
exists,3,3,6
exit,3,1,4
exits,0,3,3
exonerated,6,4,10
exonerating,2,1,3
exoneration,8,3,11
exorbitant,1,0,1
exp,1,2,3
expand,3,17,20
expanded,1,9,10
expanding,2,14,16
expands,2,3,5
expanse,0,1,1
expansion,0,5,5
expe,7,9,16
expect,8,21,29
expectancy,0,1,1
expectations,2,14,16
expected,20,42,62
expecting,2,3,5
expectobama,1,0,1
expects,0,1,1
expedite,1,2,3
expedited,2,4,6
expedition,5,3,8
expelled,1,0,1
expenditure,0,2,2
expense,5,2,7
expenses,1,4,5
expensing,1,0,1
expensive,32,14,46
experience,10,34,44
experienced,2,8,10
experiences,0,4,4
experiencevideo,0,1,1
experiencing,4,2,6
experimental,0,2,2
expertise,0,1,1
experts,17,19,36
expire,1,0,1
expired,2,0,2
expires,0,1,1
expla,1,1,2
explain,20,20,40
explained,3,11,14
explaining,1,6,7
explains,2,6,8
explanati,1,0,1
explanation,1,2,3
explanations,1,0,1
explanatory,0,1,1
explicit,0,2,2
explo,0,1,1
explode,1,4,5
exploded,4,0,4
exploited,0,1,1
exploration,0,1,1
exploratory,0,3,3
explore,0,2,2
explorers,2,0,2
explores,0,2,2
exploring,0,1,1
explosion,2,0,2
explosive,3,3,6
expo,2,6,8
exponentially,0,1,1
exporte,0,1,1
exporters,1,1,2
exporting,1,0,1
exports,2,6,8
expos,1,0,1
expose,8,8,16
exposed,27,14,41
exposes,2,5,7
exposing,6,6,12
exposure,1,2,3
express,8,14,22
expressed,4,4,8
expressing,1,2,3
expression,1,0,1
expressly,0,1,1
expressway,1,0,1
expropriations,0,2,2
exquisite,0,1,1
exsist,0,1,1
ext,0,1,1
extend,6,4,10
extended,5,9,14
extending,0,1,1
extends,0,2,2
extension,2,3,5
extensions,1,1,2
extensive,2,2,4
extent,1,3,4
exterio,0,1,1
extinct,0,1,1
extinguishers,0,1,1
exto,4,0,4
extolled,0,1,1
extorted,1,0,1
extortion,5,6,11
extortionin,1,0,1
extortionist,0,1,1
extra,2,3,5
extract,1,1,2
extraordinarily,2,2,4
extraordinario,0,1,1
extraordinary,4,42,46
extreme,8,14,22
extremely,11,16,27
extremism,0,3,3
extremist,1,5,6
extremists,1,1,2
exxon,0,1,1
exxonmobil,0,2,2
eye,8,7,15
eyebrows,0,1,1
eyed,0,1,1
eyes,20,20,40
eyewall,1,1,2
fa,201,287,488
fab,0,1,1
fabiola,0,1,1
fabled,1,2,3
fabric,0,2,2
fabrica,1,0,1
fabricate,5,3,8
fabricated,14,9,23
fabricates,0,1,1
fabricating,0,2,2
fabrication,7,2,9
fabrications,1,0,1
fabulous,2,15,17
fac,0,2,2
face,44,53,97
facebook,12,34,46
facebooklive,0,1,1
faced,2,4,6
facelift,1,0,1
faceplant,0,1,1
faceplants,0,1,1
faces,1,10,11
facet,1,0,1
faceted,0,1,1
facetime,0,1,1
facilitate,1,1,2
facilitating,0,1,1
facilitation,0,1,1
facilities,5,8,13
facility,7,10,17
facing,9,7,16
fact,165,151,316
factcheck,0,2,2
facto,4,10,14
factories,4,7,11
factoring,0,1,1
factors,0,2,2
factory,1,7,8
facts,56,83,139
factsm,0,1,1
factual,3,1,4
factually,0,1,1
faculty,0,1,1
fade,1,1,2
fades,0,1,1
fadil,1,0,1
fading,5,0,5
fai,61,91,152
fail,27,11,38
failed,157,28,185
failedth,0,1,1
failing,165,39,204
failingnewyorktimes,0,1,1
fails,5,9,14
failure,31,12,43
failurecountries,0,1,1
failures,2,3,5
fain,1,0,1
fair,1,0,1
fairandbalancedmyass,1,0,1
faire,2,2,4
fairest,0,2,2
fairly,12,28,40
fairlyenjoy,0,1,1
fairness,9,26,35
fairto,0,1,1
fairy,0,2,2
fairytale,0,2,2
faith,5,39,44
faithful,0,3,3
faithfully,0,1,1
faithnation,0,1,1
faithtrump,0,1,1
fake,636,424,1060
faked,0,1,1
fakenews,13,15,28
fakenewscnn,2,1,3
fakers,2,1,3
fakes,1,1,2
fakewhistleblower,0,1,1
faking,0,1,1
falcon,0,2,2
falconheavy,0,1,1
falcons,0,1,1
fall,18,31,49
fallen,7,15,22
falling,14,10,24
fallon,0,2,2
fallout,3,3,6
falls,5,3,8
fallujah,0,1,1
false,266,733,999
falsely,8,10,18
falsified,0,1,1
falsify,0,1,1
falsifying,0,1,1
falte,1,1,2
faltering,1,0,1
falwell,0,2,2
fame,2,18,20
fami,0,1,1
familia,1,3,4
families,102,84,186
family,81,173,254
familystrength,0,1,1
familytime,0,1,1
famous,2,8,10
famously,1,3,4
fan,9,46,55
fancy,1,0,1
fandos,0,1,1
fanfare,1,0,1
fannow,0,1,1
fans,4,18,22
fantasies,1,1,2
fantastic,9,229,238
fantastically,0,1,1
fantasy,0,2,2
far,0,2,2
farce,4,5,9
farewell,1,0,1
fargo,1,1,2
farm,3,17,20
farmbill,1,0,1
farme,1,1,2
farmers,49,144,193
farming,1,2,3
farmington,0,1,1
farmland,1,0,1
farms,2,2,4
farrell,3,2,5
farthe,1,1,2
fascinating,1,6,7
fascist,2,2,4
fascistic,1,0,1
fascists,0,1,1
fashion,7,4,11
fashioned,3,8,11
faso,0,1,1
fast,95,111,206
fastball,0,1,1
faste,9,20,29
fastest,0,8,8
fat,6,0,6
fatal,4,1,5
fatalities,1,2,3
fatality,2,0,2
fatally,1,1,2
fate,1,5,6
fated,1,0,1
fathe,22,48,70
father,1,0,1
fathers,1,1,2
fatte,4,0,4
faucets,0,1,1
fauci,5,6,11
faulkne,0,1,1
fault,14,7,21
faulted,0,1,1
faulty,1,2,3
fav,0,2,2
fave,1,1,2
faves,0,1,1
favo,19,27,46
favorability,1,5,6
favorable,0,2,2
favorables,0,1,1
favorably,0,1,1
favored,0,2,2
favorite,12,54,66
favorites,0,2,2
favors,1,5,6
favourite,0,3,3
favs,0,1,1
fawning,3,1,4
fay,0,1,1
fayetteville,0,8,8
fazio,0,3,3
fb,1,1,2
fbi,251,220,471
fbicia,0,1,1
fbis,0,2,2
fcc,2,2,4
fd,1,2,3
fda,1,7,8
fdn,0,2,2
fdny,1,0,1
fe,1,0,1
fea,15,11,26
fealty,0,2,2
feared,2,0,2
fearful,2,1,3
fearless,2,5,7
fears,4,0,4
fearsome,0,1,1
feat,0,3,3
feats,2,0,2
feature,0,3,3
featured,0,4,4
features,0,3,3
featuring,0,5,5
feb,1,2,3
february,6,19,25
fec,2,1,3
fed,53,55,108
fede,1,1,2
feder,0,1,1
federa,0,1,1
federal,108,153,261
federalist,5,2,7
federally,0,1,1
federation,0,2,2
fedexand,0,1,1
feds,2,2,4
fee,1,1,2
feed,3,2,5
feedback,0,3,3
feeding,4,3,7
feeds,1,1,2
feel,28,39,67
feeling,10,12,22
feelings,3,3,6
feels,3,10,13
feenstra,0,1,1
fees,3,4,7
feet,3,3,6
feinstein,4,2,6
feldman,1,0,1
felipe,0,1,1
fell,21,5,26
fella,1,0,1
fellow,6,19,25
felon,3,1,4
felonies,0,1,1
felons,3,0,3
felony,3,1,4
felt,9,10,19
fema,8,34,42
female,7,9,16
females,0,1,1
femas,0,1,1
feminist,1,0,1
fence,13,5,18
fences,1,2,3
fendi,0,1,1
fentanyl,6,2,8
fernanda,0,1,1
ferocious,1,0,1
ferrara,0,2,2
ferrari,1,0,1
ferraro,0,1,1
ferry,1,13,14
ferrypoint,0,1,1
fertilize,0,1,1
fest,2,6,8
festival,0,3,3
festivals,0,1,1
fetched,0,1,1
feud,1,1,2
feuds,1,0,1
fewe,5,7,12
fewest,1,0,1
ff,1,0,1
fheile,0,1,1
fhp,1,0,1
fi,2,4,6
fiasco,5,2,7
fiat,0,5,5
fibe,0,1,1
fiction,12,18,30
fictional,0,2,2
fictious,0,1,1
fictitious,3,0,3
fiddle,1,0,1
fiddling,0,1,1
fidel,1,0,1
fidelis,0,1,1
field,11,45,56
fieldday,0,1,1
fields,2,8,10
fierce,0,3,3
fiercely,0,1,1
fifa,0,1,1
fifth,2,4,6
fifties,0,1,1
fig,0,1,1
figh,0,1,1
fight,82,165,247
fightdemocrats,1,0,1
fighte,3,49,52
fighterjet,0,1,1
fighters,7,17,24
fightfo,0,1,1
fighting,79,91,170
fights,2,24,26
fighttonight,0,1,1
figure,22,15,37
figured,4,4,8
figures,3,8,11
figurewants,1,0,1
figuring,1,1,2
file,17,8,25
filed,10,12,22
files,5,3,8
filibuste,7,2,9
filing,3,2,5
filings,0,2,2
filipinos,0,1,1
filled,5,14,19
filling,4,3,7
fills,0,1,1
film,1,3,4
filmmake,1,1,2
filte,1,1,2
filtering,1,0,1
filters,0,1,1
filth,1,0,1
filthy,7,3,10
final,20,48,68
finale,4,7,11
finalist,0,1,1
finalists,0,3,3
finalize,0,1,1
finalized,0,1,1
finalizing,0,1,1
finally,32,147,179
finals,0,1,1
finance,6,8,14
financed,0,1,1
finances,2,5,7
financial,22,37,59
financially,2,3,5
financials,2,0,2
financing,0,2,2
fincantieri,0,1,1
finde,0,9,9
finding,10,4,14
findings,8,3,11
finds,4,10,14
fine,14,49,63
fines,1,2,3
finest,8,23,31
finge,1,2,3
fingers,0,3,3
finish,8,23,31
finished,6,34,40
finishes,1,1,2
finishing,0,1,1
finishthewall,0,1,1
finland,1,5,6
fiorina,6,11,17
firearms,0,2,2
firebombed,0,1,1
firebrianwilliams,1,0,1
firebrittmchenry,1,0,1
fired,103,48,151
firefighte,3,9,12
firefighters,2,15,17
firehouse,0,1,1
firejbe,0,1,1
fireman,1,4,5
firemen,2,1,3
firepac,1,0,1
fires,8,11,19
firestorm,0,1,1
firewall,0,1,1
fireworks,2,14,16
firing,16,20,36
firings,1,2,3
firm,6,15,21
firma,0,1,1
firmly,3,1,4
firms,3,1,4
firs,2,0,2
firsthand,3,6,9
firsti,0,1,1
firstlady,0,1,1
firstrespondersday,0,1,1
firststepact,0,3,3
fis,0,1,1
fisa,44,42,86
fisacou,1,0,1
fisagate,0,1,1
fisc,0,1,1
fiscal,1,4,5
fiscally,0,1,1
fische,0,2,2
fish,2,1,3
fishe,0,1,1
fishing,6,5,11
fishy,0,1,1
fist,1,1,2
fit,9,8,17
fitn,0,40,40
fitness,0,2,2
fitt,0,1,1
fitting,0,1,1
fitton,1,6,7
fitzgerald,0,1,1
fiu,1,0,1
fix,85,80,165
fixated,1,1,2
fixating,1,0,1
fixed,12,14,26
fixers,1,0,1
fixes,0,2,2
fixing,11,9,20
fixtheusa,1,0,1
fl,9,19,28
fla,1,4,5
flabbergasted,0,1,1
flack,0,1,1
flag,11,59,70
flagday,0,1,1
flagged,2,0,2
flagrant,0,1,1
flags,3,8,11
flagsin,0,1,1
flailing,2,0,2
flake,9,7,16
flamboyant,0,1,1
flame,0,1,1
flamed,1,0,1
flames,0,1,1
flaming,1,0,1
flappin,0,1,1
flare,1,0,1
flash,0,4,4
flashback,2,14,16
flashbackfriday,1,4,5
flat,9,3,12
flatten,1,1,2
flattening,0,1,1
flattenthecurve,0,1,1
flavors,0,1,1
flawed,7,5,12
flawlessly,0,1,1
flee,1,4,5
fleeing,7,6,13
flees,1,0,1
flesh,1,0,1
fletche,0,1,1
flew,2,3,5
flexes,0,1,1
flexibility,4,10,14
flexible,1,4,5
flies,1,6,7
flight,4,10,14
flights,5,6,11
flimsy,0,2,2
flinched,0,1,1
flip,7,3,10
flippable,0,2,2
flipped,1,4,5
flipping,1,0,1
flirts,0,1,1
flngalwaysthere,0,1,1
floated,1,0,1
floating,0,1,1
flocking,0,1,1
floo,9,10,19
flood,4,4,8
flooded,2,1,3
floodgates,0,1,1
floodi,0,1,1
flooding,9,19,28
floods,2,4,6
floodsafety,0,1,1
floors,0,2,2
flopped,1,0,1
flops,3,2,5
florence,5,26,31
florencehurricane,0,1,1
florencenc,1,1,2
flores,0,1,1
florid,0,1,1
florida,61,259,320
floridafirst,0,1,1
floridas,0,2,2
floridian,0,1,1
floridians,3,2,5
flotus,1,1,2
flourish,3,4,7
flourishing,1,0,1
flouting,1,0,1
flow,8,12,20
flowers,0,3,3
flowing,3,3,6
flown,0,3,3
flows,3,1,4
floyd,10,8,18
flprepares,0,1,1
flu,13,3,16
fluent,1,0,1
fluke,0,1,1
flunkie,2,0,2
flunkies,1,0,1
flunky,8,3,11
flush,0,1,1
fly,4,11,15
flyers,0,1,1
flyfightwin,0,1,1
flying,8,9,17
flynn,47,58,105
flynns,3,2,5
flyove,0,3,3
flyovers,0,4,4
fm,5,2,7
fnc,2,1,3
fnn,0,1,1
fnpolitics,1,0,1
fns,0,2,2
fo,2388,6327,8715
focu,0,1,1
focus,31,70,101
focused,13,34,47
focuses,0,3,3
focusing,6,5,11
foes,2,1,3
fog,2,0,2
foia,3,3,6
foil,2,1,3
foiled,1,1,2
foisted,1,0,1
fold,3,0,3
folded,1,0,1
folding,1,0,1
folds,0,1,1
foliage,0,1,1
folk,1,1,2
folks,10,16,26
follow,15,66,81
followe,2,0,2
followed,5,12,17
followers,4,6,10
following,7,34,41
follows,2,1,3
followthemoney,0,2,2
followthemoneyspeech,0,1,1
foment,1,1,2
fomenting,1,0,1
fondest,2,0,2
fondly,0,1,1
food,7,31,38
foodand,0,1,1
foods,2,0,2
fool,24,12,36
fooled,4,4,8
foolhardy,0,1,1
fooling,0,1,1
foolish,10,8,18
foolishly,7,4,11
foolishness,1,1,2
fools,11,20,31
foot,2,10,12
footage,5,2,7
football,8,24,32
footings,0,1,1
footnotes,0,3,3
footprint,2,2,4
fop,1,0,1
forbes,0,3,3
forbid,1,0,1
forbidden,0,1,1
forc,1,0,1
force,34,137,171
forced,73,13,86
forcefully,2,2,4
forces,5,21,26
forcing,4,2,6
ford,21,27,48
fore,1,2,3
foreal,0,1,1
forecast,5,1,6
forecasts,0,4,4
foreclosed,0,1,1
forefathers,1,1,2
forefront,1,1,2
forehead,0,1,1
foreign,49,87,136
foreigners,0,2,2
foreman,1,0,1
foremost,0,1,1
forensic,2,0,2
foreperson,0,6,6
foresee,1,0,1
foresight,0,1,1
forest,5,4,9
forests,2,2,4
foretold,0,1,1
foreve,17,28,45
forewarned,1,0,1
forewoman,1,2,3
foreword,0,1,1
forgave,0,1,1
forge,0,1,1
forged,2,2,4
forgery,1,0,1
forget,27,71,98
forgets,1,2,3
forgetting,1,0,1
forging,1,2,3
forgive,0,3,3
forgiven,1,1,2
forgiveness,5,2,7
forgot,13,4,17
forgotten,20,22,42
forgottenmenandwomen,0,1,1
fork,1,0,1
forkin,0,1,1
form,15,25,40
formal,1,4,5
formalize,0,1,1
formally,3,1,4
format,0,1,1
formation,1,2,3
forme,49,99,148
formed,5,4,9
formidable,0,1,1
forming,5,6,11
forms,6,1,7
formula,3,2,5
forreal,0,1,1
forrest,2,2,4
fortenberry,0,1,1
forth,2,3,5
forthcomi,1,0,1
forthcoming,1,2,3
forthe,1,0,1
forthright,0,1,1
forties,0,1,1
fortified,0,1,1
fortifyfl,0,1,1
fortitude,0,3,3
forts,1,0,1
fortunately,5,4,9
fortune,23,21,44
fortunes,0,1,1
forum,0,20,20
forw,0,1,1
forward,27,381,408
fossil,2,1,3
fosta,0,1,1
foste,0,5,5
fostered,1,0,1
fot,0,1,1
fotgotten,0,1,1
fou,40,53,93
fought,19,40,59
foul,7,2,9
foundation,14,26,40
foundationhillary,0,1,1
foundations,0,2,2
founde,3,9,12
founded,1,3,4
founders,4,9,13
founding,2,3,5
fourmoreyears,0,1,1
fournie,0,1,1
fourth,3,8,11
fown,1,0,1
fox,78,119,197
foxabdfriends,0,1,1
foxandfriends,1,6,7
foxbusiness,0,1,1
foxconn,1,6,7
foxdebate,1,0,1
foxnews,4,11,15
foxnewsfacts,0,1,1
foxs,0,1,1
fr,1,0,1
fra,0,1,1
frack,2,0,2
fracking,4,1,5
fraction,10,5,15
fracture,0,1,1
fracturing,0,2,2
fragile,1,2,3
fragrance,1,2,3
fragrances,0,1,1
frame,6,6,12
framed,3,4,7
framers,0,1,1
framework,0,4,4
framing,0,1,1
fran,0,1,1
france,32,54,86
frances,1,0,1
franchise,1,0,1
francis,0,5,5
francisco,8,8,16
frank,4,9,13
frankenstien,0,1,1
franklin,2,18,20
frankly,3,7,10
frankness,0,1,1
frantic,2,0,2
frantically,2,0,2
fraternal,0,3,3
fraud,76,57,133
fraudnewscnn,0,2,2
frauds,2,4,6
fraudste,4,1,5
fraudulent,34,22,56
fraudulently,4,11,15
frayed,1,0,1
frazie,0,2,2
freak,0,2,2
freaky,0,1,1
fred,1,13,14
frederick,1,0,1
frederiksen,0,1,1
fredo,9,3,12
fredos,2,0,2
fredy,0,1,1
free,31,111,142
freebies,1,0,1
freebrady,0,1,1
freed,0,3,3
freedom,16,99,115
freedoms,2,7,9
freedomsummit,0,1,1
freedomworks,1,0,1
freefall,1,0,1
freely,1,0,1
freeman,1,5,6
freerocky,1,1,2
freeze,3,0,3
freezes,1,0,1
freezing,1,0,1
freighte,1,0,1
french,4,8,12
frenzy,1,0,1
frequent,0,2,2
frequently,1,1,2
fresh,3,6,9
freshman,0,3,3
fresno,0,1,1
frey,2,1,3
fri,1,0,1
friday,12,49,61
fried,3,1,4
frieda,0,1,1
friedman,2,0,2
friend,37,121,158
friendliness,0,1,1
friendly,5,11,16
friendlyfriday,0,1,1
friends,28,116,144
friendship,2,16,18
friendships,0,1,1
friess,0,1,1
frightening,3,2,5
frightens,0,1,1
fringe,1,0,1
fringes,1,0,1
frisk,2,0,2
frisky,1,0,1
frm,1,0,1
fro,1,6,7
frontand,0,1,1
frontiers,0,1,1
fronting,0,3,3
frontline,0,1,1
frontlines,2,1,3
frontrunne,0,5,5
fronts,4,7,11
frontsus,0,1,1
frost,0,1,1
frozen,6,2,8
fruition,0,1,1
fruits,0,1,1
frustrated,4,1,5
frustration,2,1,3
fry,1,0,1
fs,1,0,1
ft,1,1,2
fu,1,0,1
fucked,1,0,1
fucking,0,3,3
fuckung,0,1,1
fudging,1,0,1
fue,0,1,1
fuel,3,4,7
fueled,2,3,5
fueling,0,2,2
fuels,1,1,2
fugedaboudit,0,1,1
fulbright,0,1,1
fulche,0,1,1
fulfil,0,1,1
fulfill,0,7,7
fulfilled,1,2,3
fulfilling,1,6,7
fullofschiff,0,1,1
fully,40,74,114
fulton,0,1,1
fumble,0,1,1
fumbled,1,0,1
fumbles,0,1,1
fumbling,1,0,1
fumed,1,0,1
fuming,1,0,1
fun,14,50,64
functio,1,0,1
function,3,0,3
functioning,2,1,3
functions,1,0,1
fund,18,11,29
fundamental,0,4,4
fundamentally,0,1,1
fundamentals,1,0,1
funded,14,11,25
funding,47,54,101
fundraise,4,2,6
fundraisers,2,1,3
fundraising,5,7,12
funds,18,18,36
funeral,7,3,10
funerals,0,1,1
funnie,2,0,2
funniest,0,3,3
funny,22,33,55
furious,3,3,6
furlough,0,1,1
furniture,0,2,2
furthe,25,41,66
furthered,0,1,1
furthering,0,1,1
furthers,0,2,2
fury,0,2,2
fuse,0,1,1
fusion,13,16,29
future,29,149,178
futureact,0,1,1
futures,0,2,2
fwiw,1,0,1
fx,0,1,1
fy,0,1,1
fyi,0,2,2
ga,4,12,16
gabbard,1,2,3
gabriel,0,1,1
gabriela,0,1,1
gabrielle,1,0,1
gaddafi,1,0,1
gaeta,1,3,4
gaetz,2,5,7
gaff,1,0,1
gaffe,0,1,1
gag,0,2,2
gaga,1,0,1
gagging,0,1,1
gain,16,15,31
gained,9,5,14
gainesville,0,1,1
gaining,1,3,4
gains,9,12,21
gal,0,1,1
gala,0,7,7
gallaghe,5,3,8
gallea,0,1,1
gallery,0,1,1
gallons,0,1,1
gallup,1,12,13
gals,1,1,2
gambit,1,0,1
gamble,2,0,2
gambled,0,2,2
game,33,103,136
gameplan,0,1,1
games,9,22,31
gaming,0,1,1
gandhi,0,2,2
gang,27,27,54
gangbange,0,1,1
gangs,7,10,17
gaping,0,1,1
gaps,0,1,1
garb,2,0,2
garbage,9,11,20
garbled,0,1,1
garca,1,0,1
garcetti,0,1,1
garcia,0,7,7
garden,1,19,20
gardne,0,2,2
garlic,0,1,1
garlin,0,1,1
garnered,1,0,1
garners,0,2,2
garrett,1,0,1
gary,0,13,13
garza,0,1,1
gas,20,14,34
gasen,0,1,1
gaslight,0,1,1
gaslighting,0,1,1
gasoline,5,3,8
gasp,0,1,1
gasparino,1,0,1
gate,1,1,2
gatekeepe,0,2,2
gatekeepers,0,1,1
gates,0,3,3
gateway,1,3,4
gateways,0,3,3
gathe,0,5,5
gathered,4,12,16
gathering,0,6,6
gatherings,0,4,4
gathers,0,1,1
gato,0,1,1
gators,0,1,1
gauntlet,0,1,1
gav,1,0,1
gave,75,100,175
gavels,1,0,1
gavin,2,1,3
gay,4,1,5
gayle,1,1,2
gays,1,3,4
gaza,1,0,1
gazan,0,1,1
gazet,1,0,1
gazette,2,1,3
gazillion,1,0,1
gdny,1,2,3
gdp,18,21,39
ge,2,0,2
gea,3,3,6
geared,1,0,1
geary,0,3,3
geauxtigers,0,1,1
geauxvote,0,4,4
geauxvotepoll,0,1,1
gee,8,9,17
geeeee,0,1,1
geez,0,1,1
geist,0,1,1
gekko,0,1,1
gelle,1,0,1
gem,0,3,3
gen,2,11,13
gende,0,1,1
gene,1,2,3
general,86,174,260
generally,3,3,6
generals,5,5,10
generate,0,3,3
generated,1,0,1
generates,0,1,1
generation,3,16,19
generations,3,5,8
generato,1,1,2
generators,0,1,1
generel,0,2,2
generic,5,0,5
generosity,0,2,2
generous,1,3,4
genes,0,1,1
genesis,1,0,1
geneva,1,3,4
genius,1,21,22
geniuses,3,2,5
gennife,0,1,1
genocide,1,1,2
genration,0,1,1
gentiloni,0,1,1
gentle,3,3,6
gentleman,1,9,10
gentlemen,0,3,3
gentlewoman,1,0,1
gentrys,0,1,1
genuine,0,5,5
genuinely,0,2,2
geoffrey,1,0,1
geor,0,1,1
george,24,40,64
georgef,1,0,1
georgefloyd,2,0,2
georgelopez,0,1,1
georges,1,0,1
georgetown,1,1,2
georgia,18,72,90
georgians,1,0,1
georgias,0,1,1
gerald,0,4,4
geraldo,8,26,34
gerardo,1,0,1
gerardwonderful,1,0,1
gerlado,0,1,1
german,2,3,5
germans,0,2,2
germanwings,1,0,1
germany,23,44,67
germanys,0,1,1
germs,0,1,1
gerry,0,1,1
ges,0,3,3
gesture,0,2,2
getitdone,0,1,1
getoffmytv,0,1,1
gets,43,87,130
gette,1,1,2
gettin,1,1,2
getting,177,222,399
getty,0,1,1
gettysburg,0,2,2
gh,0,1,1
ghana,0,1,1
ghani,0,2,2
ghettofabulous,0,1,1
ghostbusters,1,0,1
ghosted,0,1,1
giaccio,0,1,1
gianna,0,1,1
gianni,0,3,3
gianno,0,1,1
giant,13,25,38
giants,1,2,3
gibberish,1,1,2
gibbons,1,0,1
gibson,0,1,1
giddily,0,1,1
giddy,0,2,2
gidley,0,1,1
gifford,1,0,1
gift,2,25,27
gifted,0,1,1
gifts,1,8,9
gig,1,1,2
gigot,1,0,1
gil,0,1,1
gilbe,2,2,4
gilcrease,1,0,1
gilead,0,4,4
gillespie,3,5,8
gillibrand,2,0,2
gills,0,1,1
gillum,3,3,6
gilroy,2,0,2
gimmick,0,1,1
gina,4,4,8
gingrich,1,1,2
ginsberg,1,0,1
ginsburg,3,2,5
giorgi,0,1,1
girardeau,0,4,4
girl,5,8,13
girlfriend,1,4,5
girls,0,2,2
girlth,0,1,1
giroi,1,0,1
gitmo,4,0,4
giuliani,2,4,6
giuseppe,0,3,3
giuseppi,0,1,1
giv,1,0,1
giveaways,0,1,1
given,91,76,167
gives,27,53,80
giveshisall,0,1,1
giving,42,62,104
givingtuesday,0,1,1
givng,1,0,1
gl,1,0,1
glad,7,45,52
gladde,0,1,1
gladly,0,1,1
glamou,0,1,1
glamour,0,1,1
glass,2,1,3
glassdoo,1,0,1
glasses,2,1,3
glee,0,1,1
glen,1,1,2
glenn,7,8,15
glimme,0,1,1
glimpse,0,1,1
glimpses,0,1,1
glistening,0,2,2
glitch,1,0,1
glitziest,1,0,1
global,10,23,33
globalism,1,0,1
globalist,1,0,1
globally,0,3,3
globalwarming,1,0,1
globe,2,6,8
globes,1,0,1
gloom,1,0,1
gloomy,1,0,1
glorifying,0,1,1
glorious,2,7,9
glory,2,5,7
gloss,0,1,1
glossy,1,0,1
glove,1,0,1
gloves,1,3,4
glowing,1,1,2
glowingly,0,1,1
glum,0,2,2
glyndon,0,1,1
glyptis,0,1,1
gm,3,3,6
goa,1,0,1
goal,4,29,33
goalposts,2,3,5
goals,0,9,9
goarmy,0,1,1
goat,0,1,1
gobble,0,1,1
gobig,0,1,1
gobigusa,0,1,1
god,28,171,199
godblessamerica,0,3,3
godblesstheusa,0,3,3
godjusticepresidenttrump,0,1,1
godsend,0,1,1
godspeed,0,3,3
godthank,0,2,2
goes,29,38,67
goeseast,0,2,2
gofe,0,1,1
gogogo,0,1,1
gohme,1,1,2
goi,2,3,5
goin,1,0,1
going,375,570,945
goings,0,1,1
golan,0,3,3
gold,3,27,30
goldberg,4,1,5
golden,1,10,11
goldenglobe,0,1,1
goldman,10,5,15
goldmanvice,0,1,1
goldstein,1,0,1
golf,16,102,118
golfe,2,5,7
golfers,0,1,1
golfing,1,2,3
golsteyn,2,0,2
gone,111,28,139
gonetoosoon,0,1,1
gong,1,0,1
gonna,8,13,21
gonzales,0,4,4
gonzalez,0,1,1
gonzalo,1,1,2
goo,0,1,1
good,254,762,1016
goodadvice,0,1,1
goodadvicein,0,1,1
goodby,0,1,1
goodbye,3,2,5
goodell,0,2,2
goodes,0,1,1
goodfamily,0,1,1
goodfellas,0,1,1
goodies,0,1,1
goodlatte,1,2,3
goodmorning,0,1,1
goodness,1,7,8
goodnews,1,0,1
goodnewsoftheday,0,1,1
goodnielsen,1,0,1
goodnight,0,1,1
goodnightvienna,1,0,1
goods,8,26,34
goodstein,1,0,1
goodstuff,0,1,1
goodtv,0,1,1
goodwill,0,1,1
goodwin,4,4,8
goofball,0,1,1
goofy,5,21,26
google,9,23,32
googleit,1,0,1
googletrends,0,1,1
goons,0,1,1
goose,0,2,2
gop,56,129,185
gopconvention,0,5,5
gopdebate,7,33,40
gope,0,2,2
gopers,0,2,2
gopincle,0,1,1
goplegacy,1,0,1
gopnomination,0,1,1
gops,1,2,3
gordon,1,4,5
gorgeous,1,6,7
gorka,0,2,2
gorsuch,1,5,6
gosh,0,2,2
gosselin,2,2,4
gossip,0,2,2
got,259,266,525
gotcha,0,2,2
goteamusa,0,1,1
gotmilk,0,1,1
gotmyvote,0,4,4
gotrump,0,5,5
gotta,0,9,9
gotten,31,24,55
gottlieb,0,2,2
gotv,0,1,1
gou,0,1,1
gouging,0,2,2
gov,20,30,50
gove,0,1,1
govern,0,2,2
governing,0,2,2
governme,0,1,1
government,125,139,264
governmental,2,1,3
governments,3,14,17
governo,83,235,318
governors,7,46,53
governorship,0,1,1
govs,1,2,3
govt,8,9,17
gowdy,3,8,11
gowns,0,1,1
goya,1,0,1
gplfers,0,1,1
gps,9,14,23
gq,1,0,1
gra,0,2,2
grab,2,5,7
grabbing,1,1,2
grace,2,6,8
gracias,0,2,2
gracious,0,8,8
graciously,1,0,1
grack,2,1,3
grad,0,1,1
grade,1,3,4
grades,1,0,1
grading,0,1,1
grads,2,1,3
gradually,1,1,2
graduate,0,9,9
graduated,1,0,1
graduates,1,0,1
graduating,0,4,4
graduation,0,3,3
graduations,0,1,1
graft,1,0,1
graha,0,1,1
graham,20,40,60
grain,2,1,3
grammy,0,1,1
grand,8,32,40
grandchildren,0,4,4
grande,0,1,1
grandes,0,1,1
grandfathe,1,0,1
grandkids,2,0,2
grandma,0,1,1
grandmothe,2,1,3
grandopening,0,1,1
grandson,0,2,2
grandstand,1,0,1
grandstande,2,1,3
grandstanded,0,1,1
grandstanders,1,0,1
grandstanding,2,0,2
granite,2,6,8
grant,3,12,15
granted,4,13,17
granting,1,0,1
grants,1,5,6
grapes,1,2,3
graph,0,1,1
graphics,1,1,2
graphite,0,1,1
grasp,0,1,1
grass,0,1,1
grassley,0,4,4
grassroots,2,7,9
grateful,2,43,45
gratifying,0,1,1
gratitude,1,14,15
gratuity,0,1,1
grave,6,1,7
gravely,1,0,1
gravis,1,5,6
gravitas,0,1,1
gravitating,1,0,1
gravity,2,0,2
gravy,1,1,2
graydon,3,0,3
grazed,2,1,3
gre,0,1,1
grea,0,2,2
greasy,1,0,1
great,584,4296,4880
greate,15,35,50
greatest,31,173,204
greatin,0,1,1
greatly,19,62,81
greatness,8,32,40
greats,2,6,8
greece,0,2,2
greedy,1,1,2
greek,0,2,2
greeley,0,2,2
green,11,24,35
greenberg,1,0,1
greenblatt,1,4,5
greenbrie,0,2,2
greenfield,0,1,1
greenland,0,3,3
greenpeace,1,0,1
greens,0,1,1
greensboro,0,4,4
greenville,0,10,10
greet,0,4,4
greeted,3,2,5
greeting,1,3,4
greetings,0,4,4
greg,0,26,26
gregg,3,10,13
gregory,1,0,1
gregs,0,1,1
grenades,0,1,1
grenadie,0,1,1
grenell,0,2,2
greta,3,8,11
gretchen,1,2,3
grew,4,3,7
grey,2,0,2
grid,2,5,7
gridiron,0,1,1
grief,5,2,7
grievance,0,1,1
grievances,1,2,3
grieve,6,3,9
grieves,0,1,1
grieving,2,2,4
grievous,0,1,1
griff,0,1,1
griffin,3,0,3
grifters,0,1,1
grifting,0,1,1
grill,0,5,5
grip,1,2,3
gripe,0,1,1
grips,1,0,1
grisham,0,1,1
grit,0,5,5
gro,0,1,1
grocers,0,1,1
grocery,1,0,1
groping,0,1,1
gross,8,1,9
grossly,1,7,8
grotesque,0,1,1
grou,1,1,2
ground,14,17,31
groundbreaking,1,1,2
grounded,1,2,3
groundhog,0,1,1
grounds,3,4,7
group,28,49,77
grouping,1,0,1
groups,16,23,39
grove,0,1,1
grovel,0,1,1
groveling,4,0,4
grow,5,24,29
growers,0,1,1
growing,11,18,29
grown,1,3,4
grows,0,8,8
growth,35,69,104
growthwhich,0,1,1
grubby,1,0,1
grucci,0,4,4
gruel,0,1,1
gruesome,1,0,1
grynbaum,0,1,1
gt,4,1,5
gth,0,1,1
gu,1,0,1
gua,1,0,1
guaido,2,2,4
guam,0,6,6
guantanamo,1,0,1
guarantee,3,2,5
guaranteed,1,2,3
guarantees,2,5,7
guard,19,44,63
guarded,0,1,1
guardia,0,1,1
guardian,1,2,3
guardians,0,1,1
guarding,0,1,1
guardrails,0,1,1
guards,1,5,6
guardsmen,1,1,2
guatemala,4,7,11
guatemalan,0,1,1
gubernatorial,0,2,2
gucci,0,2,2
guess,19,19,38
guessing,1,0,1
guest,2,16,18
guests,3,15,18
gugino,1,0,1
guidance,1,7,8
guide,0,6,6
guided,0,1,1
guidelines,2,7,9
guides,0,1,1
guilford,0,1,1
guiliani,0,1,1
guilt,2,0,2
guilty,17,10,27
guise,2,0,2
guita,0,1,1
gujarat,0,1,1
gulbis,0,1,1
gulf,3,5,8
gulfpo,0,1,1
gulp,1,0,1
gum,0,1,1
gump,0,2,2
gun,20,28,48
gunboats,0,1,1
guncontrol,0,1,1
gundemocrat,1,0,1
gunman,1,0,1
gunmen,0,1,1
gunned,2,2,4
gunnery,0,1,1
gunrights,0,1,1
guns,23,17,40
gunshot,1,0,1
gushes,0,1,1
gusto,0,1,1
gut,1,1,2
guterres,0,1,1
gutfeld,2,5,7
gutless,2,1,3
guts,9,12,21
gutsy,0,1,1
guy,68,154,222
guys,14,26,40
gw,2,1,3
gwinnett,0,1,1
gwu,1,0,1
gwynn,1,3,4
gym,2,0,2
gymnasium,0,1,1
gysxxqazbl,0,1,1
ha,6,7,13
habberman,1,0,1
habe,0,1,1
haberman,6,0,6
habit,1,0,1
habits,0,5,5
hack,4,3,7
hackberry,0,1,1
hacked,9,2,11
hackers,1,0,1
hackett,0,2,2
hacking,8,5,13
hacks,2,4,6
hadn,1,1,2
hadnt,0,1,1
hagan,2,0,2
hagedorn,0,1,1
hagerty,0,2,2
haggling,1,0,1
hagmann,0,1,1
haha,0,4,4
hahahahaha,0,1,1
hahahahahahaha,0,1,1
hahn,1,2,3
hai,4,10,14
hail,1,1,2
hailing,0,1,1
hails,0,1,1
haim,0,1,1
haiti,1,2,3
haitians,2,0,2
hajec,1,0,1
hakes,1,0,1
hal,0,2,2
hale,0,1,1
haley,0,5,5
half,13,40,53
halfway,0,2,2
hall,10,39,49
hallberg,0,1,1
hallmark,0,1,1
hallowed,1,2,3
halloween,0,4,4
halls,1,2,3
halltopic,1,0,1
hallucinating,0,1,1
halo,0,1,1
halperin,0,2,2
halt,4,2,6
halted,1,0,1
halting,0,2,2
haltingly,0,1,1
hamas,0,1,1
hamberders,0,1,1
hamburg,2,2,4
hamburgers,0,1,1
hamilton,1,3,4
hamme,4,1,5
hammered,1,1,2
hammering,1,0,1
hammond,2,0,2
hampshire,15,141,156
hamza,1,0,1
han,0,1,1
hand,42,39,81
handbags,0,1,1
handcrafted,0,1,1
handed,6,4,10
handedly,1,0,1
handel,2,2,4
handful,0,1,1
handheld,0,1,1
handicappe,0,1,1
handing,1,4,5
handiwork,0,1,1
handle,16,25,41
handled,11,11,22
handlers,2,0,2
handles,0,2,2
handling,15,18,33
handout,0,1,1
handouts,0,2,2
handove,0,1,1
handpicke,1,0,1
hands,14,35,49
handshake,0,1,1
handsome,1,2,3
handwashing,0,2,2
handwritten,0,2,2
hang,3,2,5
hanga,0,1,1
hanging,0,3,3
hank,2,0,2
hannity,4,26,30
hannityat,0,1,1
hanoi,0,9,9
hanoisummit,0,1,1
hans,0,1,1
hanse,0,1,1
hanson,0,7,7
hanukkah,1,6,7
hap,1,1,2
hapgood,0,1,1
hapless,0,2,2
happen,126,95,221
happened,101,36,137
happening,64,63,127
happeningnow,0,1,1
happens,24,23,47
happie,0,4,4
happiest,0,1,1
happily,2,9,11
happiness,0,1,1
happy,39,272,311
happybirthdaymarines,0,2,2
happybirthdaytrump,0,1,1
happybirthdayyogiberra,0,1,1
happydiwali,0,1,1
happyfourthofjuly,0,1,1
happyhanukkah,0,1,1
happyindependenceday,0,3,3
happymothersday,0,1,1
happynewyea,0,3,3
happynewyearamerica,0,1,1
happythanksgiving,0,2,2
harass,3,6,9
harassed,2,2,4
harassers,0,1,1
harasses,0,1,1
harassing,2,0,2
harassment,15,33,48
harbo,1,14,15
harboring,1,0,1
hard,207,306,513
hardagainst,0,1,1
hardball,0,1,1
hardbut,0,1,1
hardcove,0,1,1
harde,16,18,34
harden,1,0,1
hardened,4,1,5
hardest,5,2,7
hardliners,0,1,1
hardly,8,6,14
hardworkin,1,0,1
hardworking,3,29,32
hariri,0,1,1
harlem,0,1,1
harley,6,5,11
harm,5,6,11
harmed,0,1,1
harmful,2,1,3
harming,3,1,4
harmless,0,1,1
harmony,0,1,1
harms,0,1,1
harp,0,1,1
harrassment,1,0,1
harris,2,13,15
harrisburg,0,2,2
harrison,0,1,1
harrisx,0,1,1
harrowing,0,1,1
harry,9,13,22
harsh,4,0,4
harshly,0,3,3
hartford,1,0,1
hartley,0,1,1
harvard,5,17,22
harvesters,0,1,1
harvesting,1,2,3
harvey,5,17,22
harveymy,1,0,1
harveypitt,0,1,1
harwood,1,2,3
hashanah,0,3,3
hashemite,0,1,1
hashoah,0,1,1
hashtag,0,2,2
hasmyrespect,0,1,1
hasn,11,10,21
haspel,3,3,6
hassan,0,2,2
hassett,2,2,4
hat,3,18,21
hatch,0,2,2
hatchet,0,1,1
hate,87,29,116
hated,9,4,13
hateful,5,1,6
hatemail,1,0,1
haters,25,37,62
hates,25,10,35
hating,8,1,9
hatred,29,19,48
hats,2,6,8
haul,0,4,4
hauling,0,1,1
haunt,1,0,1
haute,0,2,2
hav,1,1,2
havana,1,1,2
haven,16,18,34
havent,6,3,9
having,84,142,226
havn,0,3,3
havoc,0,1,1
haw,1,0,1
hawaii,1,18,19
hawaiian,0,1,1
hawkeye,0,2,2
hawley,6,5,11
hayes,2,0,2
haywire,2,0,2
hazard,1,0,1
hazardous,1,1,2
hazards,0,1,1
hazel,1,0,1
hbcu,1,2,3
hbcus,0,4,4
hbdusaf,0,1,1
hbo,3,1,4
hc,2,1,3
hcare,0,3,3
hcq,0,1,1
hea,69,154,223
head,34,47,81
headache,1,0,1
headaches,2,0,2
headed,15,21,36
heading,24,138,162
headline,9,20,29
headlines,2,6,8
headquartering,0,1,1
headquarters,2,5,7
heads,11,16,27
headway,1,1,2
headwinds,0,1,1
heal,3,9,12
healed,0,1,1
healing,2,3,5
heals,0,2,2
healtcare,0,1,1
health,29,73,102
healthcare,44,107,151
healthcarebill,1,0,1
healthcaretax,1,0,1
healthie,0,2,2
healthy,0,16,16
heap,1,0,1
hear,0,1,1
hearby,0,1,1
heard,53,54,107
hearing,38,65,103
hearings,27,26,53
hearn,1,0,1
hears,0,3,3
hearsay,2,5,7
heartbeat,1,3,4
heartbreak,0,1,1
heartbreaking,3,1,4
heartfelt,8,3,11
heartland,3,1,4
hearts,7,17,24
heat,6,4,10
heate,0,1,1
heated,1,0,1
heathe,0,8,8
heathy,0,1,1
heaven,0,2,2
heavily,13,18,31
heavy,6,10,16
heavyweight,0,1,1
hebdo,2,0,2
heck,0,5,5
heckle,1,4,5
hecto,0,1,1
hed,0,1,1
hedge,3,0,3
hedoes,1,0,1
heed,1,14,15
heel,1,3,4
heeling,0,1,1
heels,1,3,4
hega,1,0,1
hegseth,0,2,2
hehe,0,1,1
heidi,0,2,2
height,2,3,5
heightened,2,2,4
heights,2,6,8
heilemann,0,1,1
heinous,1,1,2
heitkamp,0,1,1
hel,1,1,2
held,28,39,67
helfenbein,1,0,1
helicopte,7,8,15
hell,32,31,63
helle,0,2,2
hellhole,0,1,1
helljustfrozeove,0,1,1
hello,0,15,15
helm,0,6,6
help,146,306,452
helped,21,36,57
helpful,1,12,13
helping,24,72,96
helpingcharity,1,0,1
helpless,1,0,1
helps,3,13,16
helsinki,0,11,11
hem,1,0,1
hemingway,2,3,5
hemisphere,1,4,5
hemme,0,1,1
hemorrhaging,2,1,3
hen,1,0,1
hencefake,0,1,1
henchman,1,1,2
henderson,0,4,4
henninge,0,4,4
henry,12,42,54
hensarling,0,1,1
herald,1,2,3
heraldo,0,1,1
hercules,0,1,1
herd,0,1,1
hereos,0,1,1
heres,2,7,9
heresthetruth,0,1,1
herethis,0,1,1
heritage,7,20,27
heritagenot,0,1,1
heritagerice,1,0,1
herman,0,3,3
hermitage,1,0,1
hern,0,1,1
hernandez,0,1,1
hero,17,45,62
heroes,14,68,82
heroic,1,6,7
heroin,2,7,9
heroine,1,0,1
heroism,1,2,3
heros,0,1,1
heroworldchallenge,0,1,1
herri,0,1,1
herridge,4,2,6
herschel,0,2,2
hershey,2,6,8
hes,12,16,28
hesitate,0,1,1
hesitates,1,0,1
hesitatingtherefore,0,1,1
hesitation,2,2,4
hesperia,0,1,1
hewitt,0,2,2
hewson,0,2,2
hey,5,25,30
heye,1,1,2
hhs,2,3,5
hi,2,18,20
hickenloope,2,0,2
hickman,0,1,1
hicks,2,0,2
hid,1,4,5
hidden,1,7,8
hiddenheroes,0,2,2
hide,13,7,20
hideki,0,1,1
hides,1,1,2
hiding,5,6,11
higbie,0,1,1
higgins,0,3,3
high,82,203,285
highe,47,50,97
highest,26,136,162
highjacked,1,0,1
highlands,1,1,2
highlight,0,6,6
highlighted,2,2,4
highlighting,0,5,5
highlightnon,0,1,1
highlights,2,10,12
highly,65,103,168
highness,0,1,1
highs,5,12,17
hightax,1,0,1
highway,5,4,9
highways,1,4,5
hijacked,1,1,2
hijackers,0,1,1
hijacking,0,1,1
hike,0,4,4
hikers,0,1,1
hikes,4,5,9
hikind,0,2,2
hiking,1,0,1
hil,1,0,1
hilarious,1,6,7
hilariousmayo,1,0,1
hilary,4,1,5
hilaryclinton,0,1,1
hiliary,0,1,1
hill,10,22,32
hillary,546,358,904
hillarycarefail,0,1,1
hillaryclinton,6,5,11
hillaryforprison,0,1,1
hillarykaine,1,0,1
hillarys,2,2,4
hillarywow,0,1,1
hills,2,1,3
hillsborough,0,1,1
hilt,1,0,1
hilton,1,14,15
himo,0,1,1
himthat,0,1,1
himthey,1,0,1
hindering,0,1,1
hindrance,0,1,1
hindu,0,1,1
hinson,0,1,1
hints,1,0,1
hip,1,0,1
hire,6,13,19
hired,9,8,17
hires,2,2,4
hiring,4,6,10
hirings,0,1,1
hirono,0,1,1
hispanic,15,34,49
hispanicheritagemonth,0,1,1
hispanics,10,21,31
hispanicsfortrump,0,2,2
hissy,0,2,2
histo,0,3,3
histori,0,1,1
historian,1,4,5
historic,26,108,134
historical,2,7,9
historically,4,4,8
history,205,325,530
historyis,1,0,1
hit,97,110,207
hitch,0,1,1
hits,14,45,59
hitte,0,1,1
hitting,8,5,13
hiv,0,9,9
hizballah,1,0,1
hjyzqvwmac,0,1,1
hmm,1,0,1
hmmm,1,1,2
hmmmm,1,0,1
hmx,0,1,1
hny,0,1,1
ho,0,3,3
hoarders,0,1,1
hoarding,0,2,2
hoax,125,135,260
hoaxcomes,0,1,1
hoaxes,1,5,6
hock,0,1,1
hocke,0,1,1
hockey,0,2,2
hoda,1,0,1
hodgson,0,1,1
hof,0,1,1
hogan,0,2,2
hokey,1,0,1
hol,0,1,1
holcomb,0,1,1
hold,22,38,60
holde,1,2,3
holders,0,1,1
holding,15,25,40
holdings,0,1,1
holdove,0,1,1
holdovers,0,2,2
holds,3,23,26
holdthel,0,1,1
holdup,0,1,1
hole,2,10,12
holes,1,4,5
holiday,2,21,23
holidays,2,2,4
holie,0,1,1
holiest,1,1,2
holiness,0,1,1
hollen,2,0,2
hollow,1,0,1
hollowing,1,0,1
hollywood,4,8,12
holmes,1,2,3
holocaust,3,5,8
holocaustmemorialday,0,1,1
holocaustremembranceday,0,1,1
holt,2,1,3
holtz,0,2,2
holy,2,6,8
homan,1,3,4
hombres,1,0,1
home,85,119,204
homealone,0,1,1
homecoming,1,0,1
homegrown,0,1,1
homeland,9,17,26
homeless,18,3,21
homelessness,0,1,1
homeowners,2,0,2
homeownership,0,1,1
homerun,0,1,1
homes,9,9,18
hometown,0,1,1
homework,1,0,1
homicide,1,2,3
homie,0,1,1
hominem,0,1,1
homosexuality,0,1,1
hon,0,1,1
honda,0,1,1
honduras,10,8,18
hone,0,1,1
honed,0,1,1
honest,17,41,58
honestly,4,9,13
honesty,3,19,22
honey,0,2,2
hong,4,8,12
hongkong,1,0,1
hono,18,372,390
honolulu,0,4,4
honor,1,1,2
honorable,0,7,7
honorably,1,0,1
honorary,0,1,1
honored,1,80,81
honoring,2,15,17
honors,2,4,6
honorthem,0,1,1
honou,0,2,2
honrado,0,1,1
hood,1,6,7
hoodwinking,0,1,1
hook,7,5,12
hooked,0,4,4
hookers,0,1,1
hoopla,1,0,1
hoosie,0,2,2
hooters,0,1,1
hoove,0,2,2
hop,0,1,1
hope,75,240,315
hoped,2,0,2
hopeful,2,6,8
hopefully,17,74,91
hopefuls,0,1,1
hopeisagoodbreakfast,0,1,1
hopeless,3,2,5
hopes,6,6,12
hoping,9,12,21
hopkins,0,2,2
horace,0,1,1
horizons,0,1,1
hormuz,1,0,1
hornet,0,1,1
hornick,0,1,1
horowitz,12,15,27
horowitzrepo,0,1,1
horowtiz,0,1,1
horrendous,13,3,16
horrendously,0,1,1
horrible,99,22,121
horribly,10,2,12
horrid,1,0,1
horrific,16,6,22
horrifying,1,2,3
horro,8,4,12
horrors,2,0,2
horry,0,1,1
horse,3,2,5
horseface,0,1,1
horsewomen,0,1,1
hosanna,0,1,1
hose,0,1,1
hosp,0,2,2
hospit,1,0,1
hospita,1,0,1
hospitable,0,1,1
hospital,22,10,32
hospitali,0,1,1
hospitality,0,6,6
hospitalization,0,1,1
hospitalizations,1,0,1
hospitalized,2,2,4
hospitals,14,11,25
hospitalscuomo,0,1,1
hospitalstrump,0,1,1
hospitalvery,0,1,1
host,3,51,54
hostag,1,0,1
hostage,12,8,20
hostages,14,10,24
hosted,2,23,25
hostile,14,6,20
hostilities,0,1,1
hostility,0,2,2
hosting,1,33,34
hosts,5,4,9
hot,4,10,14
hotdogs,0,1,1
hotel,4,57,61
hotels,5,14,19
hotline,0,1,1
hotspot,1,0,1
hotsteam,0,1,1
hotte,0,1,1
hottest,0,8,8
hou,12,28,40
hough,0,1,1
houlton,0,1,1
hounding,0,1,1
hourly,2,5,7
hours,41,56,97
hous,1,1,2
house,295,573,868
household,4,8,12
housepresident,0,1,1
houses,1,1,2
housewife,0,1,1
housewives,0,3,3
housing,1,11,12
houston,0,15,15
houstonstrong,0,2,2
houthis,0,1,1
hovered,0,1,1
howard,1,2,3
howeve,13,18,31
howie,0,6,6
howl,0,1,1
howtogetrich,0,1,1
hoy,0,2,2
hp,2,0,2
hpsci,1,0,1
hq,3,11,14
hras,0,1,1
hrc,8,4,12
hrobak,0,1,1
hrs,2,1,3
hs,1,3,4
hsi,0,1,1
hsien,0,1,1
ht,5,13,18
htel,0,2,2
htt,6,20,26
http,3,23,26
https,25,51,76
hu,36,44,80
huawei,1,3,4
hubby,1,3,4
hube,0,2,2
huck,0,1,1
huckabee,3,5,8
hud,0,2,2
huddle,0,1,1
huff,2,1,3
huffington,1,4,5
huffpost,1,2,3
hug,0,1,1
huge,19,76,95
hugh,0,3,3
hughes,0,1,1
hugin,0,1,1
huizarin,0,1,1
hulman,0,1,1
hultgren,0,1,1
huma,2,4,6
human,23,38,61
humana,1,0,1
humanely,1,1,2
humanitarian,16,15,31
humanity,1,6,7
humanized,1,0,1
humanly,0,1,1
humans,1,1,2
humanscum,1,0,1
humantrafficking,0,1,1
humas,0,1,1
humble,0,3,3
humbled,0,2,2
humboldt,1,0,1
hume,2,0,2
humiliated,3,1,4
humiliating,2,2,4
humiliatingly,1,0,1
humiliation,0,1,1
humming,0,1,1
humo,2,5,7
humorous,0,1,1
humphreys,0,1,1
hundreds,31,29,60
hungary,0,1,1
hunge,2,1,3
hungering,0,1,1
hungry,1,2,3
hunt,180,194,374
hunte,21,18,39
hunterbiden,0,1,1
hunters,1,1,2
hunting,1,3,4
huntington,0,3,3
hunts,3,12,15
huntsville,0,3,3
hur,0,1,1
hurley,0,1,1
hurric,0,1,1
hurricaineirma,0,1,1
hurricane,41,82,123
hurricanedorian,0,4,4
hurricanefloren,0,1,1
hurricaneflorence,1,10,11
hurricaneharvey,1,10,11
hurricaneirma,1,2,3
hurricanejose,0,1,1
hurricanelane,0,3,3
hurricanemaria,0,1,1
hurricanemichael,3,7,10
hurricanenate,0,1,1
hurricanes,5,10,15
hurry,3,6,9
hurryback,1,0,1
hurting,25,3,28
hurts,10,4,14
husband,22,16,38
husbands,0,1,1
hussein,1,0,1
hustlers,0,1,1
hustles,0,1,1
hustory,0,1,1
hut,0,1,1
huuuge,1,0,1
huuuuuge,0,1,1
hv,0,1,1
hvidston,0,1,1
hvvhsmbg,0,1,1
hyde,0,4,4
hyderabad,0,1,1
hydromatic,0,1,1
hydroxychloroquine,8,8,16
hype,0,2,2
hyperlinked,0,1,1
hyphen,1,0,1
hyping,0,1,1
hypocrisy,1,4,5
hypocrite,4,9,13
hypocrites,7,6,13
hypocritical,1,1,2
hypothetical,1,0,1
hysteria,2,5,7
hysterical,0,1,1
hyun,0,1,1
ia,3,13,16
iacauc,0,1,1
iacaucus,1,23,24
iacp,1,5,6
iaff,2,1,3
iaforums,0,1,1
ian,0,1,1
iapolitics,0,1,1
iasen,0,1,1
ib,0,1,1
ibelieve,0,2,2
ibusinesslounge,0,1,1
ic,2,2,4
icahn,3,2,5
icaucused,0,1,1
icc,0,2,2
ice,26,37,63
iceberg,1,1,2
icig,5,2,7
icon,1,6,7
iconic,0,3,3
icymi,7,54,61
id,3,15,18
ida,1,0,1
idaho,0,11,11
idea,39,40,79
ideaand,0,1,1
ideal,2,3,5
ideally,1,2,3
ideals,0,2,2
ideas,10,26,36
identi,0,1,1
identical,2,1,3
identification,0,3,3
identified,3,3,6
identifies,0,1,1
identify,3,6,9
identifying,0,1,1
identity,6,4,10
ideologies,0,1,1
ideology,2,2,4
idiot,2,3,5
idiots,3,2,5
idk,1,0,1
idlib,4,1,5
idly,0,2,2
idol,0,2,2
ied,1,0,1
ieds,0,1,1
ifagain,0,1,1
iffa,1,0,1
ig,22,39,61
ige,2,1,3
ignatius,1,0,1
ignite,1,0,1
igno,0,1,1
ignorance,2,3,5
ignorant,1,2,3
ignore,6,6,12
ignored,9,4,13
ignores,1,1,2
ignoring,9,5,14
igo,0,1,1
ihave,0,1,1
ihop,0,1,1
ii,1,13,14
iihan,0,1,1
iii,0,1,1
iipresident,0,1,1
ik,0,1,1
il,2,2,4
ila,0,1,1
ilhan,2,4,6
ill,16,14,30
illegal,183,175,358
illegality,1,0,1
illegally,42,42,84
illegals,26,30,56
illegitimate,5,3,8
illegitimately,1,0,1
illhan,1,0,1
illicit,2,5,7
illicitly,0,1,1
illigal,0,1,1
illinois,9,13,22
illiquid,1,0,1
illness,3,1,4
illnesses,0,2,2
illusion,1,1,2
illusions,1,1,2
illustrated,0,1,1
illustrates,0,1,1
illustrating,0,2,2
iluvamerica,0,2,2
im,20,59,79
image,2,1,3
imagen,1,0,1
imagery,1,0,1
images,1,0,1
imaginable,1,0,1
imagination,2,9,11
imaginative,1,1,2
imagine,22,30,52
imam,0,1,1
imbalance,1,4,5
imbalances,0,1,1
imbeciles,1,0,1
imbedded,0,1,1
imeanit,0,1,1
imho,1,0,1
imitate,0,1,1
imitating,1,0,1
imitation,0,2,2
imm,0,1,1
immature,0,2,2
immeasurable,0,1,1
immediate,5,6,11
immediately,58,58,116
immense,0,4,4
immensely,0,1,1
immersed,1,0,1
immigrant,7,13,20
immigrants,31,31,62
immigrate,0,3,3
immigrati,0,1,1
immigration,139,175,314
imminent,1,0,1
immoral,2,3,5
immortalized,1,0,1
immune,1,1,2
immunity,6,3,9
imo,0,2,2
imp,1,3,4
impa,0,1,1
impact,15,35,50
impacted,1,14,15
impactful,0,1,1
impacting,1,1,2
impacts,2,5,7
impactsuch,0,1,1
impai,0,1,1
impartial,3,2,5
impartially,0,1,1
impassable,1,0,1
impe,2,0,2
impea,1,1,2
impeac,0,2,2
impeach,47,60,107
impeachable,8,15,23
impeached,15,17,32
impeaching,10,16,26
impeachinghearings,0,1,1
impeachm,0,3,3
impeachme,2,0,2
impeachmen,1,2,3
impeachment,306,347,653
impeachmentcircus,0,1,1
impeachmentdebate,0,1,1
impeachmenthearing,0,2,2
impeachmenthearings,2,2,4
impeachmentinquisition,0,1,1
impeachments,2,0,2
impeachmentsham,1,4,5
impeachmenttrial,1,1,2
impeachmittromney,0,1,1
impeccable,2,2,4
impeded,2,0,2
impenetrable,1,1,2
imperative,3,5,8
imperial,0,1,1
impersonation,3,0,3
implanted,0,1,1
implausible,0,1,1
implement,1,3,4
implemented,0,3,3
implementing,0,4,4
implicat,1,0,1
implicated,1,1,2
implications,0,1,1
implied,0,2,2
implies,0,1,1
implode,0,1,1
imploding,2,5,7
implying,1,1,2
impo,1,4,5
impor,1,0,1
importance,4,14,18
important,58,229,287
importantly,10,42,52
importation,0,3,3
importers,2,0,2
imports,1,5,6
impose,3,4,7
imposed,6,3,9
imposing,2,3,5
impossibility,1,0,1
impossible,24,6,30
impossibly,0,1,1
impoverished,1,0,1
impressed,3,14,17
impression,3,3,6
impressive,0,8,8
imprison,0,1,1
imprisoned,3,2,5
impromptu,0,1,1
imprope,1,1,2
improperly,2,3,5
improve,3,18,21
improved,0,3,3
improvedsincelastyea,0,1,1
improvement,0,7,7
improvements,0,5,5
improves,0,1,1
improving,1,8,9
impt,0,1,1
impulsive,2,0,2
impulsively,1,0,1
imus,1,1,2
imwithyou,5,52,57
imwithyoutickets,0,2,2
imwithyoutranscript,0,1,1
imwithyouvideo,0,2,2
inability,1,0,1
inac,0,1,1
inaccessible,1,1,2
inaccurate,26,15,41
inaccurately,4,7,11
inaction,1,1,2
inactive,0,1,1
inadequate,1,0,1
inadvertently,1,0,1
inappropriate,2,4,6
inappropriately,1,0,1
inaugration,0,1,1
inaugural,0,3,3
inaugurated,1,5,6
inauguration,9,18,27
inaugurationday,0,3,3
inbuffalo,0,1,1
incalculable,0,1,1
incapable,4,5,9
incarcerated,0,1,1
incarceration,1,2,3
incendiary,0,1,1
incensed,1,0,1
incentive,2,1,3
incentives,1,1,2
incessantly,0,1,1
incest,0,1,1
inch,1,0,1
inches,0,2,2
incident,5,2,7
incidental,0,1,1
incidents,2,0,2
incite,1,2,3
incited,1,1,2
incites,1,0,1
incl,1,0,1
inclined,0,1,1
inclu,0,1,1
include,9,18,27
included,4,4,8
includes,8,17,25
including,109,172,281
inclusion,1,1,2
inclusive,0,1,1
incoherent,1,1,2
income,6,14,20
incomes,3,4,7
incoming,3,6,9
incompetence,14,7,21
incompetent,44,30,74
incomprehensible,1,0,1
incomrs,1,0,1
inconceivable,1,2,3
inconsistencies,1,0,1
inconsistent,0,1,1
incontrovertibl,1,0,1
inconvenient,0,1,1
incorporates,0,1,1
incorrect,14,8,22
incorrectly,8,3,11
incorruptible,0,1,1
incre,0,1,1
increase,40,42,82
increased,15,14,29
increases,10,13,23
increasesthis,0,1,1
increasing,2,12,14
increasingly,2,1,3
incred,0,1,1
incredible,32,268,300
incredibly,5,14,19
incumbent,2,2,4
incurious,1,0,1
incurred,1,0,1
ind,0,1,1
indebted,0,1,1
indefensible,1,1,2
indefinitely,0,3,3
indelibly,1,0,1
indemnification,1,0,1
indemnify,1,0,1
indepe,0,1,1
independ,0,1,1
independence,4,24,28
independenceday,0,1,1
independent,14,14,28
independents,6,8,14
index,2,11,13
indexes,1,0,1
india,5,43,48
indian,4,3,7
indiana,9,65,74
indianajones,1,0,1
indianapolis,0,10,10
indians,0,1,1
indicate,2,2,4
indicated,0,2,2
indicates,0,2,2
indicating,1,2,3
indication,4,1,5
indicato,1,1,2
indicators,0,2,2
indices,0,1,1
indicted,7,0,7
indictedand,1,0,1
indictment,3,2,5
indictments,0,1,1
indicts,1,0,1
indie,1,1,2
indies,1,0,1
indignant,3,0,3
indignation,1,0,1
indirectly,1,2,3
indiscriminately,1,0,1
indispensable,0,1,1
indisputable,2,0,2
indited,0,1,1
indiv,0,1,1
individual,13,12,25
individualism,0,1,1
individually,1,0,1
individuals,9,16,25
indivisible,0,1,1
indo,0,2,2
indoctrinated,1,0,1
indoctrination,2,0,2
indonesia,2,2,4
indoo,0,1,1
indoors,2,1,3
indprimary,0,1,1
induced,0,1,1
inducted,0,1,1
inductee,0,1,1
indulgent,0,1,1
industrial,4,4,8
industries,3,12,15
industry,6,42,48
indv,1,0,1
inebriated,1,1,2
ineffective,16,8,24
ineffectual,0,1,1
ineligible,1,1,2
inept,3,4,7
ineptitude,1,2,3
inevitable,1,3,4
inexcusable,1,1,2
inexpensive,1,4,5
inexperienced,1,0,1
inexplicable,1,0,1
inexplicably,1,0,1
inf,0,1,1
infai,0,1,1
infamous,0,1,1
infamy,0,3,3
infant,0,2,2
infantino,0,1,1
infe,1,0,1
infected,5,0,5
infections,0,1,1
infectious,2,2,4
infects,0,1,1
inference,2,0,2
inferio,1,0,1
inferiority,0,1,1
infest,1,0,1
infestation,0,2,2
infested,3,3,6
infighting,2,2,4
infiltrate,0,2,2
infiltrated,1,2,3
infiltrating,1,1,2
infiltration,0,1,1
infinite,0,1,1
infinitely,1,1,2
inflame,1,1,2
inflammatory,1,1,2
inflated,1,0,1
inflation,19,20,39
inflationary,0,1,1
inflict,1,0,1
inflicted,3,1,4
inflicting,1,1,2
inflow,3,2,5
influence,11,13,24
influenced,1,2,3
influencers,1,1,2
influential,0,3,3
influx,0,2,2
info,27,27,54
infographic,0,1,1
inform,9,19,28
informa,1,0,1
informant,5,7,12
informants,1,2,3
information,65,91,156
informationis,1,0,1
informative,0,4,4
informe,6,0,6
informed,21,26,47
informing,0,3,3
infrastructur,0,1,1
infrastructure,26,37,63
infrastructureinamerica,0,1,1
infrastructureweek,0,1,1
infringed,0,1,1
infringement,1,0,1
infringes,0,1,1
infused,0,1,1
infusion,0,1,1
ing,2,0,2
ingenuity,0,2,2
ingesting,0,1,1
ingloriously,1,0,1
ingraham,1,6,7
ingrahamangle,0,3,3
ingrained,0,1,1
ingrates,0,1,1
ingredients,1,0,1
inherently,2,0,2
inherit,0,2,2
inherited,3,5,8
inherito,0,1,1
inhofe,0,3,3
inhumane,1,0,1
inimitable,0,2,2
inions,1,0,1
initial,3,2,5
initially,1,0,1
initiated,2,3,5
initiates,1,0,1
initiating,1,1,2
initiative,2,9,11
inject,1,0,1
injunction,0,1,1
injunctions,1,0,1
injured,16,3,19
injuries,0,1,1
injury,3,0,3
injustice,3,3,6
ink,3,0,3
inland,1,2,3
inlet,0,3,3
inmate,1,0,1
inmates,1,2,3
inn,0,1,1
inne,7,8,15
innings,0,2,2
innoc,1,0,1
innocence,2,1,3
innocent,26,25,51
innocents,0,2,2
innovate,1,0,1
innovation,0,8,8
innovative,0,10,10
innovativeness,0,1,1
innovators,1,3,4
innuendo,1,1,2
inocent,1,0,1
inpeachment,1,0,1
inprimary,0,10,10
input,0,1,1
inqu,0,2,2
inquiries,0,1,1
inquiry,16,23,39
inquisition,0,3,3
ins,2,3,5
insane,6,14,20
insanity,1,3,4
insatiable,1,0,1
insecure,2,2,4
insensitive,1,0,1
inserted,0,1,1
inside,19,31,50
insiders,0,3,3
insight,2,7,9
insightful,0,6,6
insignificant,0,1,1
insinuated,1,1,2
insipid,0,1,1
insist,1,0,1
insisted,5,3,8
insisting,0,2,2
insists,1,2,3
insomnia,1,0,1
inspect,0,1,1
inspected,1,1,2
inspecting,0,2,2
inspections,1,0,1
inspecto,14,10,24
inspiration,1,15,16
inspirational,1,3,4
inspire,1,11,12
inspired,4,18,22
inspires,0,2,2
inspiring,1,13,14
instagram,1,6,7
install,0,2,2
installations,0,1,1
installed,1,1,2
installs,2,0,2
instanc,0,1,1
instance,2,1,3
instances,3,2,5
instant,0,1,1
instantly,0,4,4
instead,48,35,83
insticts,1,0,1
instigated,1,0,1
instilling,0,1,1
instinct,0,1,1
instincts,6,3,9
institut,0,1,1
institute,2,6,8
instituted,1,1,2
institutes,0,1,1
institution,1,1,2
institutional,1,0,1
institutions,2,2,4
institutionsand,0,1,1
instruct,0,1,1
instructed,8,4,12
instructions,1,3,4
instrumental,1,1,2
instruments,0,1,1
insu,0,1,1
insubordinate,1,1,2
insufficient,0,2,2
insulin,0,2,2
insult,4,1,5
insulted,2,0,2
insulting,3,2,5
insults,1,0,1
insuranc,0,1,1
insurance,30,20,50
insure,1,1,2
insurers,0,1,1
insurrectio,0,1,1
insurrection,1,1,2
insurrectionists,1,0,1
int,13,30,43
intact,1,3,4
inte,1,0,1
integrated,0,1,1
integrity,4,10,14
intel,20,12,32
inteligence,0,2,2
intellect,1,1,2
intellects,0,1,1
intellectual,4,7,11
intellectually,0,1,1
intellig,0,1,1
intelligence,37,81,118
intelligent,0,6,6
intelligently,1,1,2
intend,0,2,2
intended,4,5,9
intends,0,1,1
intense,3,8,11
intensified,1,0,1
intensifies,0,1,1
intensity,0,1,1
intensive,2,3,5
intent,6,5,11
intention,6,9,15
intentional,1,0,1
intentionally,1,1,2
intentions,4,2,6
inter,0,1,1
interact,1,0,1
interaction,0,1,1
interactions,1,1,2
interagency,0,2,2
intercepts,1,1,2
interchange,0,4,4
interconnect,0,1,1
intercontinental,0,1,1
interdictact,0,1,1
interested,14,18,32
interesting,17,89,106
interestingly,0,2,2
interestingtimesahead,0,1,1
interests,5,41,46
interfe,1,0,1
interfere,2,6,8
interfered,0,2,2
interferenc,0,1,1
interference,6,5,11
interfering,9,0,9
intergovernmental,0,1,1
interim,1,4,5
interio,0,4,4
interiors,0,1,1
intermediaries,0,1,1
intermediary,0,1,1
intermediate,0,2,2
intern,2,2,4
internal,1,8,9
internals,0,1,1
international,7,45,52
internationalwomensday,0,2,2
internet,11,10,21
interpret,1,0,1
interpreted,1,0,1
interrogation,1,0,1
interrupt,0,1,1
interrupted,1,0,1
interrupting,0,1,1
interruption,1,0,1
interruptions,1,2,3
interrupts,0,1,1
intersection,1,1,2
interstates,0,1,1
intervene,1,0,1
intervening,0,1,1
interventions,2,0,2
interview,38,216,254
interviewe,2,1,3
interviewed,10,216,226
interviewee,0,1,1
interviewing,5,4,9
interviews,4,28,32
intestinal,0,1,1
inthistogethe,0,1,1
intimacy,0,1,1
intimating,0,1,1
intimidate,0,1,1
intimidated,1,2,3
intimidates,0,1,1
intimidating,2,1,3
intimidation,0,1,1
intl,1,3,4
intolerable,1,0,1
intraday,0,1,1
intransigence,0,1,1
intro,0,6,6
introdu,0,1,1
introduce,0,3,3
introduced,3,9,12
introduces,0,3,3
introducing,1,6,7
introduction,0,4,4
intros,0,1,1
intrusion,0,1,1
ints,1,0,1
intuitive,0,2,2
intvw,0,1,1
inundaciones,0,1,1
inv,0,3,3
invade,3,1,4
invaded,4,2,6
invading,2,1,3
invalid,4,1,5
invalidate,0,1,1
invalidated,1,0,1
invalides,0,1,1
invaluable,1,4,5
invasion,6,6,12
invented,1,0,1
inventing,2,0,2
invention,1,0,1
inventors,1,0,1
inversions,0,1,1
inverted,0,1,1
invest,5,9,14
invested,3,1,4
investig,0,1,1
investiga,1,0,1
investigared,1,0,1
investigate,25,25,50
investigated,10,14,24
investigates,0,2,2
investigating,13,20,33
investigation,86,83,169
investigational,0,2,2
investigationclappe,0,1,1
investigations,9,19,28
investigative,1,3,4
investigato,2,2,4
investigators,11,5,16
investigatorshttps,0,1,1
investigatory,0,1,1
investing,1,10,11
investment,7,18,25
investments,1,12,13
investo,0,2,2
investors,0,1,1
invigorating,0,1,1
invisible,9,9,18
invitation,3,5,8
invitational,0,3,3
invite,1,6,7
invited,2,5,7
inviting,1,10,11
invo,1,0,1
invoke,2,1,3
invoked,0,1,1
invoking,0,2,2
involve,0,2,2
involved,31,36,67
involvement,2,4,6
involves,0,1,1
involving,5,4,9
inyokern,0,1,1
ioc,0,2,2
iowa,52,238,290
iowacaucus,0,3,3
iowacaucuses,1,2,3
iowadonald,1,0,1
iowan,0,3,3
iowans,2,4,6
iowastrong,0,1,1
iowavs,0,1,1
ip,2,0,2
iphone,41,43,84
iphones,0,1,1
ipo,0,1,1
ips,0,2,2
ipsos,0,2,2
iq,9,7,16
ira,1,1,2
iran,252,36,288
irandeal,0,4,4
irani,0,1,1
iranian,31,9,40
iranians,8,2,10
iranprotests,1,1,2
irans,2,0,2
iraq,51,26,77
iraqi,2,1,3
iraqis,0,3,3
irch,0,1,1
ireland,2,14,16
irfministerial,0,1,1
irgc,1,3,4
irish,0,5,5
irishgirl,0,1,1
irma,0,9,9
irmahurricane,0,1,1
iron,1,5,6
ironic,2,6,8
ironically,0,1,1
irony,1,2,3
irrational,1,2,3
irrationally,2,0,2
irredeemable,0,1,1
irredeemably,0,1,1
irrefutable,1,0,1
irregula,0,1,1
irregularities,1,1,2
irrelevant,10,3,13
irreparable,0,2,2
irresponsible,2,1,3
irresponsibly,1,0,1
irrevocably,1,0,1
irs,0,1,1
irving,0,2,2
irwin,0,1,1
ish,0,1,1
isikoff,1,1,2
isil,2,0,2
isis,101,94,195
isistrump,0,1,1
islam,3,5,8
islami,1,0,1
islamic,19,21,40
islamist,0,2,2
islamophobe,1,0,1
islamophobia,1,0,1
islan,0,1,1
island,7,25,32
islande,0,1,1
islanders,0,1,1
islands,1,4,5
isle,0,2,2
isn,40,31,71
isnt,13,8,21
isolate,0,2,2
isolated,1,0,1
israel,47,70,117
israeli,2,5,7
issa,1,1,2
issuance,0,1,1
issue,23,47,70
issued,10,10,20
issues,21,31,52
issuing,3,0,3
isuppo,0,1,1
italian,0,3,3
italy,2,18,20
itch,0,1,1
item,1,0,1
items,3,4,7
itisntabouther,0,1,1
itll,0,1,1
itmexico,1,0,1
itsa,0,1,1
itthis,1,0,1
itvideo,0,1,1
ivana,0,1,1
ivanka,3,34,37
ivankatrump,0,1,1
ive,10,11,21
ivoire,0,1,1
ivoted,1,1,2
ivy,0,1,1
iwd,0,1,1
iwo,0,2,2
iwojima,0,1,1
ix,0,1,1
ja,2,0,2
jab,0,1,1
jabe,0,2,2
jabronis,0,1,1
jacinda,1,0,1
jack,3,25,28
jackals,0,1,1
jacket,1,0,1
jackie,0,5,5
jackson,10,22,32
jacksonville,0,9,9
jacob,1,2,3
jacobs,0,3,3
jacobus,0,1,1
jacques,1,0,1
jae,0,2,2
jag,0,1,1
jai,0,1,1
jail,31,10,41
jailing,0,1,1
jails,1,1,2
jains,0,2,2
jake,2,4,6
jam,1,1,2
jamaica,1,2,3
jamal,1,0,1
jambo,0,1,1
james,66,74,140
jamestown,0,2,2
jamie,1,4,5
jamiel,0,2,2
jams,3,0,3
jan,0,5,5
jane,0,3,3
january,17,30,47
japan,13,98,111
japanese,2,6,8
japans,1,0,1
jared,2,8,10
jarrett,3,8,11
jason,4,16,20
javelin,1,0,1
javits,1,2,3
javitzsucks,1,0,1
jaw,1,1,2
jaws,0,1,1
jay,12,23,35
jayapal,1,0,1
jazz,1,0,1
jcope,1,1,2
jealous,7,3,10
jean,0,2,2
jeanine,0,5,5
jeanne,0,3,3
jeb,101,87,188
jebbush,1,3,4
jebs,2,0,2
jed,0,1,1
jeff,36,52,88
jefferson,3,0,3
jefferyepstein,1,0,1
jeffres,0,2,2
jeffress,0,7,7
jeffrey,1,3,4
jeh,0,3,3
jemele,0,1,1
jen,0,1,1
jenkins,0,2,2
jenna,1,0,1
jennife,3,3,6
jenny,0,1,1
jens,0,1,1
jentezen,0,1,1
jeopardize,0,1,1
jeopardized,0,1,1
jeopardizing,1,0,1
jeopardy,3,2,5
jeremy,0,2,2
jerk,2,0,2
jerks,0,1,1
jerome,5,7,12
jerry,14,29,43
jersey,4,39,43
jerseyans,1,0,1
jerus,0,1,1
jerusalem,3,14,17
jesse,4,6,10
jessica,0,2,2
jessie,0,1,1
jesus,1,5,6
jet,3,16,19
jeter,0,1,1
jetliners,1,0,1
jets,0,1,1
jewel,0,2,2
jewelry,0,1,1
jewish,9,15,24
jews,2,8,10
jexit,0,1,1
jexodus,2,0,2
jfk,2,2,4
jfkfiles,0,3,3
ji,0,1,1
jiatfsouth,0,1,1
jihad,0,1,1
jihadi,0,1,1
jihadis,0,1,1
jihadist,0,1,1
jihadists,1,0,1
jihadistst,0,1,1
jill,3,6,9
jilted,1,0,1
jim,11,68,79
jima,0,2,2
jimmy,3,6,9
jimmyfallon,0,1,1
jindal,1,3,4
jinping,4,7,11
jinx,1,0,1
jldonaldtrump,0,1,1
joan,2,28,30
joanrivers,1,1,2
joaquin,3,0,3
job,186,634,820
jobless,15,1,16
joblessness,0,1,1
jobs,340,373,713
jobsborde,1,1,2
jobsma,0,1,1
jobsmatter,0,1,1
jobsnotmobs,1,10,11
jobsrepo,2,2,4
jobssecurityhealth,0,1,1
jodey,0,3,3
joe,210,172,382
joes,3,2,5
joetheismann,0,1,1
joey,0,1,1
john,104,224,328
johnathan,1,0,1
johnkasich,0,2,2
johnny,1,5,6
johnryde,0,1,1
johns,0,7,7
johnso,0,1,1
johnson,3,34,37
johnstown,1,2,3
join,9,323,332
joined,5,44,49
joining,4,44,48
joins,4,12,16
joint,3,39,42
jointaddress,0,1,1
jointsession,0,1,1
joke,50,28,78
jokes,0,1,1
jokeste,1,0,1
jokingly,0,1,1
joko,0,1,1
jon,10,15,25
jonah,2,1,3
jonas,0,5,5
jonathan,1,11,12
jonathanaldridge,0,1,1
jones,4,23,27
jonesboro,0,1,1
jong,15,44,59
joni,1,6,7
jordan,5,17,22
jordansviewexpress,0,1,1
jorge,0,1,1
jose,2,4,6
joseph,5,7,12
josh,6,11,17
joshua,0,2,2
jou,0,1,1
journa,1,0,1
journal,14,32,46
journali,0,1,1
journalism,20,5,25
journalismisdead,0,1,1
journalist,5,9,14
journalistic,5,4,9
journalists,8,15,23
journey,2,10,12
journeyed,1,0,1
journos,0,2,2
jovita,0,3,3
joy,2,6,8
joyce,0,1,1
joyful,0,1,1
joyous,0,2,2
jqh,0,1,1
jt,0,1,1
jtf,0,1,1
ju,1,2,3
juan,6,11,17
juanita,1,0,1
juaquin,3,0,3
judd,1,6,7
jude,0,1,1
judes,0,1,1
judge,29,67,96
judged,3,0,3
judgement,30,4,34
judgements,1,0,1
judges,26,37,63
judgeships,0,4,4
judgme,1,0,1
judgment,7,3,10
judicial,20,19,39
judiciary,9,20,29
judy,0,5,5
juice,1,0,1
juicy,0,1,1
juillet,0,1,1
jul,1,0,1
julian,1,3,4
juliana,0,1,1
julie,0,1,1
juliet,0,1,1
july,11,52,63
jump,1,12,13
jumped,0,3,3
jumping,0,1,1
jumps,0,3,3
juncke,0,1,1
june,10,62,72
juneteenth,1,0,1
jung,1,1,2
junio,1,1,2
junk,1,0,1
junto,1,0,1
juntos,0,1,1
jupite,0,5,5
jurisdiction,3,2,5
jurisdictions,1,1,2
jurists,1,0,1
juro,1,1,2
jury,7,11,18
jus,1,2,3
jussie,0,2,2
just,787,1342,2129
justamatteroftime,0,1,1
justi,2,1,3
justice,105,167,272
justiceact,0,1,1
justicedepartment,0,1,1
justicekavanaugh,1,0,1
justices,12,19,31
justifiable,0,1,1
justification,3,2,5
justified,1,4,5
justify,2,2,4
justifying,0,1,1
justin,4,4,8
justly,0,1,1
justneve,1,0,1
justrunbaby,0,1,1
justsaying,0,1,1
jw,1,16,17
jwprez,1,0,1
ka,0,1,1
kabul,2,0,2
kaepernick,0,1,1
kag,8,99,107
kagame,0,1,1
kahn,0,4,4
kai,0,1,1
kaine,20,3,23
kaleb,0,1,1
kaljulaid,0,1,1
kamala,3,4,7
kameron,0,1,1
kamp,0,1,1
kanbari,1,0,1
kangaro,1,1,2
kangaroo,4,2,6
kansans,0,1,1
kansas,5,30,35
kansascaucus,0,1,1
kanye,1,7,8
karbala,1,0,1
kardashians,0,1,1
karen,4,12,16
karl,7,4,11
karlan,0,1,1
karma,1,1,2
kash,1,1,2
kashmi,0,1,1
kasich,38,28,66
kasick,0,1,1
kasie,1,0,1
kassam,1,0,1
kat,0,1,1
kate,14,13,27
katelyn,0,1,1
kates,0,1,1
kateslaw,2,3,5
kathleen,0,1,1
kathryn,2,1,3
kathy,1,1,2
katie,5,12,17
katrina,0,4,4
kavanaugh,18,42,60
kavanough,1,0,1
kay,0,4,4
kayleigh,1,3,4
kazakhstan,0,1,1
kazianis,1,0,1
ke,0,2,2
keane,0,3,3
kearsarge,0,1,1
keepam,1,0,1
keepameric,0,1,1
keepamericagreat,0,12,12
keepi,0,1,1
keepin,0,1,1
keeping,13,48,61
keepingitreal,0,1,1
keeps,13,17,30
keesle,0,1,1
keisha,1,1,2
keith,2,12,14
kelle,0,6,6
kelli,0,1,1
kellie,0,1,1
kellogg,1,2,3
kelly,12,47,59
kellyanne,4,3,7
kellyfile,2,3,5
kellys,1,0,1
kemp,0,12,12
ken,3,12,15
kenansville,0,1,1
kenlangone,0,1,1
kenn,0,1,1
kennebec,0,1,1
kennedy,2,16,18
kennel,1,0,1
kenneth,0,2,2
kenstar,0,1,1
kent,2,4,6
kentuckians,0,1,1
kentucky,17,65,82
kentuky,1,0,1
kenya,14,10,24
kenyan,0,1,1
kenyatta,0,1,1
kept,10,36,46
ker,0,2,2
kerens,0,1,1
kerry,14,10,24
kerrys,0,2,2
ketay,1,0,1
kevin,15,54,69
key,11,40,51
keyboard,0,1,1
keynote,3,7,10
keynoting,0,4,4
keys,2,1,3
keystone,2,6,8
keystonepipeline,0,1,1
kfmotmqfnn,0,1,1
kgb,0,1,1
khamenei,2,0,2
khan,5,4,9
kiawah,0,1,1
kick,3,23,26
kickass,0,1,1
kicked,5,5,10
kicking,4,5,9
kickoff,0,1,1
kicks,1,2,3
kid,0,4,4
kidding,2,12,14
kiddingly,0,1,1
kidnapped,1,0,1
kidnappers,0,1,1
kidnapping,2,0,2
kidney,2,0,2
kids,8,18,26
kiev,1,0,1
kil,0,1,1
kill,26,12,38
killary,1,0,1
kille,8,2,10
killed,88,30,118
killers,5,6,11
killing,54,38,92
killings,6,0,6
kills,2,2,4
killthevirus,0,1,1
kilmeade,1,1,2
kilometre,0,1,1
kim,23,73,96
kimberley,0,6,6
kimberly,1,2,3
kimguilfoyle,0,1,1
kimmel,0,4,4
kimmels,1,0,1
kin,1,0,1
kind,21,67,88
kinda,1,3,4
kinde,0,1,1
kindness,0,4,4
kinds,1,5,6
king,11,48,59
kingdom,7,25,32
kingly,0,1,1
kingofthedeal,0,1,1
kingpin,1,0,1
kings,0,1,1
kinston,0,1,1
kippu,1,2,3
kirby,0,1,1
kiriakou,1,0,1
kirk,0,4,4
kirkwood,0,1,1
kirsten,2,1,3
kirstie,0,2,2
kirstjen,0,1,1
kislyak,2,7,9
kiss,0,3,3
kissed,1,2,3
kissel,1,0,1
kissers,0,1,1
kisses,0,1,1
kissing,0,2,2
kissinge,0,1,1
kit,0,1,1
kitchen,3,1,4
kits,2,0,2
kizzy,0,1,1
kkk,0,4,4
klacik,1,0,1
klobucha,2,1,3
km,0,1,1
kn,1,0,1
kne,0,1,1
knee,3,2,5
kneecap,1,0,1
kneel,1,5,6
kneeled,0,2,2
kneeling,2,7,9
knees,2,2,4
knew,75,70,145
knife,2,1,3
knight,0,15,15
knights,0,2,2
knitwit,1,0,1
knives,1,0,1
kno,1,1,2
knock,4,4,8
knocked,1,2,3
knocking,3,1,4
knockout,0,2,2
knockouts,0,1,1
knocks,1,3,4
know,270,378,648
knowhow,0,1,1
knowing,10,15,25
knowingly,14,11,25
knowledg,0,1,1
knowledge,11,32,43
knowledgeable,1,1,2
knowles,0,1,1
known,17,41,58
knows,59,117,176
knoxville,0,3,3
kobach,0,2,2
kobe,1,1,2
koch,3,6,9
kodiak,0,1,1
koepka,0,1,1
kokugikan,0,1,1
kong,4,4,8
kongers,0,3,3
kooky,0,1,1
koran,1,0,1
korea,105,146,251
korean,5,14,19
koreans,1,0,1
kornhause,0,3,3
korus,0,1,1
kosovo,0,1,1
koste,0,1,1
kowtow,1,0,1
kraft,0,7,7
krauthamme,0,2,2
kravis,1,2,3
kreme,0,2,2
kremlin,3,2,5
kris,0,4,4
kristian,0,1,1
kristin,0,1,1
kristol,3,0,3
kristy,0,1,1
kroll,0,1,1
kruczek,1,0,1
krugman,3,2,5
krysten,1,1,2
krzanich,0,1,1
ks,2,4,6
ksa,0,1,1
ksleg,1,0,1
kt,1,0,1
ku,1,2,3
kudlow,1,4,5
kudos,0,5,5
kuhne,0,1,1
kupperman,1,0,1
kurdish,0,2,2
kurds,12,22,34
kurtz,0,2,2
kushne,2,5,7
kustoff,0,3,3
kuwait,0,2,2
kvirikashvili,0,1,1
ky,3,6,9
kygov,0,1,1
kyl,0,1,1
kyle,1,1,2
kysen,0,1,1
la,3,17,20
lab,1,1,2
labeled,0,3,3
labels,2,0,2
labo,7,19,26
laborday,1,4,5
labordayweekend,0,1,1
labou,0,1,1
labrado,1,0,1
labs,1,0,1
laced,1,0,1
lack,18,8,26
lacked,0,1,1
lackeys,0,1,1
lacking,4,0,4
lacks,0,1,1
laconia,0,1,1
lacrosse,0,1,1
lacy,0,5,5
ladd,0,1,1
laden,2,1,3
ladies,0,3,3
ladin,1,0,1
lady,7,63,70
lafayette,1,4,5
laffe,2,2,4
lagging,1,0,1
lago,5,22,27
lagov,0,3,3
laguardia,1,0,1
lahren,0,1,1
laid,1,10,11
lairs,1,0,1
lake,2,13,15
lakeland,0,1,1
lakes,0,3,3
lama,1,1,2
lamb,1,6,7
lambthesham,0,1,1
lame,4,2,6
lamestream,44,28,72
lamm,0,1,1
lance,0,4,4
land,2,35,37
landed,1,45,46
landfall,0,3,3
landing,2,27,29
landlord,0,1,1
landmark,2,1,3
landmarks,1,0,1
lands,3,4,7
landscape,0,1,1
landslide,10,23,33
landslides,1,0,1
landslidevictory,1,0,1
lane,0,4,4
lanes,1,3,4
langone,0,1,1
language,9,7,16
languages,0,1,1
lanhee,0,1,1
lanka,6,0,6
lankford,0,1,1
lanny,3,0,3
lap,1,2,3
lapdog,1,1,2
lapdogs,0,1,1
lapierre,0,1,1
lapse,0,2,2
laptop,2,0,2
lara,1,5,6
laredo,2,2,4
large,64,90,154
largebanks,0,1,1
largely,12,6,18
largest,11,37,48
larry,1,8,9
lars,0,1,1
las,8,45,53
lash,0,1,1
lashed,0,1,1
lashing,0,1,1
lasted,1,0,1
lasting,0,5,5
lastly,0,1,1
lastnight,0,1,1
lasts,0,1,1
lasvegasstrong,0,1,1
late,67,64,131
lately,9,5,14
lateness,2,0,2
latenow,1,0,1
later,0,1,1
laterou,0,1,1
latest,9,58,67
latin,1,1,2
latina,0,3,3
latino,5,10,15
latinos,8,7,15
latitude,1,0,1
latte,2,1,3
latvia,0,1,1
lauderdale,0,1,1
lauds,0,1,1
laue,4,0,4
laugh,5,8,13
laughable,2,1,3
laughed,10,2,12
laughin,0,1,1
laughing,12,16,28
laughingly,0,1,1
laughingstock,2,0,2
laughs,1,2,3
laughte,0,1,1
lauging,0,1,1
launc,0,1,1
launch,10,20,30
launchamerica,2,1,3
launched,8,21,29
launches,1,7,8
launching,1,7,8
laundered,1,0,1
laundering,1,0,1
launders,0,1,1
laura,3,13,16
lauraloome,0,1,1
laurel,0,1,1
lauren,0,1,1
laurence,0,1,1
laurencetribe,1,1,2
lava,6,0,6
lavrov,1,1,2
law,144,225,369
lawandorde,0,2,2
lawandorder,1,0,1
lawenforcementappreciationday,0,2,2
lawenforcementappreciationdaypresident,0,1,1
lawfare,2,0,2
lawful,3,6,9
lawfully,0,1,1
lawfulness,1,0,1
lawin,0,1,1
lawless,1,3,4
lawlessness,2,2,4
lawmake,2,2,4
lawmakers,3,10,13
lawn,2,4,6
lawns,0,1,1
lawrence,4,8,12
laws,72,67,139
lawsuit,17,18,35
lawsuits,5,6,11
lawye,33,61,94
lawyer,1,0,1
lawyerly,0,1,1
lawyers,35,18,53
laxalt,0,2,2
lay,4,1,5
laye,0,1,1
layin,0,1,1
laying,1,3,4
layoffs,1,1,2
lays,0,3,3
lazy,0,3,3
lbj,0,1,1
lc,1,0,1
ld,1,0,1
ldonaldtrump,0,1,1
ldtpoll,0,1,1
le,1,3,4
lead,49,106,155
leade,58,141,199
leader,1,1,2
leaders,59,129,188
leadersh,0,1,1
leadership,62,150,212
leadin,1,0,1
leading,19,79,98
leadrigh,0,1,1
leadright,0,3,3
leadrighth,0,1,1
leads,8,37,45
league,11,12,23
leagues,1,2,3
leah,0,1,1
leak,14,4,18
leake,9,7,16
leaked,20,13,33
leakers,6,5,11
leakfest,1,0,1
leakin,3,6,9
leaking,17,7,24
leaks,14,13,27
leaky,0,1,1
lean,1,1,2
leaned,1,0,1
leaning,0,2,2
leap,0,1,1
leaps,0,2,2
learn,22,59,81
learned,13,22,35
learning,11,4,15
lease,1,1,2
leave,56,41,97
leaves,7,2,9
leaving,64,87,151
lebanon,1,3,4
lebron,0,3,3
lecture,1,1,2
lectured,1,4,5
lecturing,1,2,3
led,40,31,71
ledge,1,4,5
lee,4,14,18
leeds,0,1,1
leeville,0,1,1
leeza,3,6,9
leezagibbons,0,1,1
left,239,143,382
leftie,0,1,1
lefties,1,1,2
leftist,4,2,6
leftists,0,3,3
lefts,0,1,1
leftwardmaking,0,1,1
leftwing,1,2,3
lefty,0,2,2
leg,1,0,1
legacies,0,1,1
legacy,6,12,18
legal,33,65,98
legalize,1,0,1
legalized,0,1,1
legalizing,1,0,1
legally,12,8,20
legend,1,13,14
legendary,1,25,26
legends,0,2,2
legion,3,2,5
legions,1,0,1
legisl,1,0,1
legislate,5,2,7
legislating,2,0,2
legislation,31,34,65
legislative,6,12,18
legislatively,0,1,1
legislators,1,0,1
legislature,1,0,1
legit,3,1,4
legitimate,3,6,9
legitimately,1,0,1
legitimize,3,0,3
legs,3,1,4
lehighvalleylive,1,0,1
lehman,2,2,4
leibowitz,0,1,1
leisure,0,1,1
lemon,4,4,8
lemons,0,1,1
lend,0,1,1
lende,0,1,1
lenders,0,1,1
lending,1,0,1
length,4,3,7
lengthening,0,1,1
lengths,0,1,1
lengthy,1,0,1
leniency,1,0,1
lenin,0,3,3
leno,1,0,1
lenses,1,0,1
leo,0,3,3
leon,0,1,1
leonard,0,1,1
leonnig,0,1,1
leopoldo,0,1,1
leos,0,2,2
leppe,0,1,1
les,0,1,1
lesko,0,4,4
lesley,0,1,1
lesm,3,13,16
lesmharrisburg,0,1,1
lesse,3,1,4
lessen,3,0,3
lesson,3,5,8
lessons,0,6,6
lest,0,1,1
leste,1,0,1
let,143,348,491
letdown,0,1,1
lethal,6,4,10
lethargic,1,0,1
letitia,0,1,1
letizia,0,1,1
lets,11,93,104
letsdothis,0,1,1
letsdothisamerica,0,1,1
letstalkbusiness,0,1,1
lette,20,35,55
letterman,4,9,13
letters,2,3,5
letting,8,7,15
lev,0,1,1
level,49,86,135
leveled,1,0,1
levell,0,1,1
levels,12,18,30
leverage,4,2,6
leveraging,0,1,1
levin,11,33,44
levine,0,2,2
levinson,1,0,1
lewandowski,1,12,13
lewis,4,1,5
lexington,0,3,3
leza,1,0,1
lfven,1,1,2
lgbt,0,5,5
li,2,1,3
lia,15,31,46
liabilities,2,1,3
liability,4,5,9
liable,1,0,1
liangelo,1,0,1
liar,1,0,1
liars,8,6,14
lib,1,3,4
libel,5,1,6
libeling,0,1,1
libelous,1,0,1
libera,0,1,1
liberal,23,64,87
liberalism,1,3,4
liberals,8,12,20
liberate,0,6,6
liberated,0,1,1
liberating,0,1,1
liberation,0,1,1
liberta,1,0,1
libertarian,1,0,1
libertarians,0,1,1
liberties,2,1,3
liberty,3,30,33
libra,0,1,1
library,1,5,6
libs,2,1,3
libutti,0,1,1
libya,5,2,7
libyan,1,1,2
lic,0,1,1
license,2,4,6
licensed,0,1,1
licenses,1,2,3
lick,0,3,3
lid,2,0,2
liddle,6,5,11
lie,62,44,106
lied,55,24,79
lies,81,59,140
lieu,0,1,1
lieutenant,0,1,1
life,68,182,250
lifeboat,0,1,1
lifeline,1,1,2
lifelong,1,7,8
lifers,1,0,1
lifesaving,0,1,1
lifestyle,1,1,2
lifesworc,1,0,1
lifetime,5,19,24
lift,6,10,16
lifted,5,6,11
lifting,1,4,5
liftoff,1,2,3
lifts,0,1,1
ligas,0,1,1
ligh,1,0,1
light,12,25,37
lighten,0,1,1
lightfoot,1,1,2
lighthize,0,7,7
lighthizers,0,1,1
lighthouse,0,1,1
lightitupblue,0,1,1
lightly,2,0,2
lights,1,5,6
lightweight,26,24,50
lightweights,2,1,3
lightweightsenatormarcorubio,0,1,1
lik,0,1,1
likable,0,1,1
like,456,640,1096
likeability,0,1,1
likeable,0,1,1
liked,8,20,28
likely,7,16,23
likeplease,0,1,1
likes,12,26,38
liketim,1,0,1
likewise,24,28,52
liking,0,3,3
lil,0,1,1
lima,0,2,2
limbaugh,4,16,20
limbs,1,0,1
limelight,1,0,1
limit,4,5,9
limited,2,11,13
limiting,1,1,2
limits,4,2,6
limp,1,0,1
limpet,0,1,1
lincoln,10,25,35
lincolndinne,0,1,1
linda,0,4,4
lindsey,13,10,23
line,30,52,82
linebacke,0,1,1
lined,0,3,3
lines,7,24,31
lineup,2,1,3
lingered,0,1,1
linick,1,0,1
lining,1,1,2
link,7,7,14
linkage,1,1,2
linked,0,7,7
linkedin,0,1,1
links,2,15,17
lion,0,4,4
lip,1,1,2
lips,1,1,2
liquid,1,0,1
liquidating,0,1,1
liquidity,1,1,2
liquified,0,1,1
lira,0,1,1
lisa,20,26,46
lisbon,0,1,1
list,21,56,77
listed,4,3,7
listen,18,54,72
listened,6,11,17
listeners,1,0,1
listening,6,29,35
listens,0,1,1
listings,0,2,2
lists,1,4,5
listwarren,1,0,1
lit,0,2,2
litany,0,1,1
lite,0,1,1
literacy,0,1,1
literally,5,8,13
literate,1,1,2
lithuania,0,1,1
litigate,0,2,2
litigated,1,0,1
litigation,1,1,2
litt,1,0,1
littered,0,1,1
little,106,92,198
littlemarco,1,0,1
liu,0,2,2
liub,0,2,2
live,47,308,355
lived,3,7,10
livelihood,1,0,1
livelihoods,0,1,1
lively,0,2,2
lives,51,117,168
living,8,24,32
liyuan,0,5,5
liz,1,6,7
lkke,0,1,1
ll,37,150,187
lll,0,1,1
lloyd,0,7,7
lmao,0,4,4
lmdorqo,0,1,1
lng,2,2,4
lo,2,4,6
loaded,8,6,14
loadedshould,0,1,1
loading,3,0,3
loan,11,10,21
loaned,1,0,1
loaning,1,1,2
loans,12,6,18
lobby,4,1,5
lobbying,2,2,4
lobbyist,13,8,21
lobbyists,9,22,31
lobste,0,1,1
lobstering,0,1,1
loca,0,1,1
local,26,80,106
locales,0,1,1
locally,0,2,2
locals,1,1,2
located,3,5,8
location,8,20,28
locations,7,8,15
locationsthan,0,1,1
locato,0,4,4
lock,1,2,3
lockdown,5,0,5
lockdowns,0,1,1
locke,2,4,6
locked,4,4,8
lockhead,1,0,1
lockheed,1,4,5
locks,0,1,1
lockwood,0,1,1
loco,0,1,1
lodge,0,1,1
loeffle,0,1,1
loftus,0,1,1
log,0,1,1
logan,4,2,6
logging,0,1,1
logical,0,3,3
logistical,1,0,1
logo,0,1,1
logs,1,1,2
lol,3,9,12
lolly,0,1,1
lombardi,1,0,1
london,18,14,32
londonderry,0,1,1
londonistan,1,0,1
lone,0,3,3
lonely,2,0,2
lonestarstate,0,1,1
long,197,226,423
longbeach,0,1,1
longe,83,54,137
longerbut,0,1,1
longest,2,5,7
longing,1,0,1
longstanding,0,1,1
longtime,1,2,3
lonoke,0,1,1
loo,0,2,2
look,154,398,552
looked,27,18,45
looking,115,301,416
lookinggreat,0,1,1
lookout,1,0,1
looks,65,72,137
loome,1,0,1
looming,0,1,1
looms,1,1,2
looney,1,0,1
loong,0,1,1
looong,0,1,1
loop,0,1,1
loophole,3,1,4
loopholes,18,19,37
loose,1,3,4
loosen,0,3,3
looses,0,1,1
loote,1,0,1
looted,2,0,2
looters,7,6,13
looting,6,5,11
lopez,0,5,5
lopsided,1,1,2
lorance,0,1,1
lord,2,9,11
lords,1,2,3
lordstown,3,3,6
lorenzo,1,0,1
loretta,0,1,1
lori,0,2,2
los,7,7,14
lose,110,35,145
loser,1,0,1
losers,25,28,53
loses,11,4,15
losin,0,1,1
losing,72,16,88
loss,37,10,47
losses,9,11,20
lost,202,43,245
lot,57,115,172
lots,14,30,44
lotta,0,1,1
lotte,0,1,1
lotteries,0,1,1
lottery,7,12,19
lou,7,31,38
loud,8,15,23
loude,1,3,4
louderback,0,1,1
loudest,1,0,1
loudly,4,8,12
loudmouth,1,0,1
loudon,0,1,1
loudoun,0,1,1
loudspeak,1,0,1
louie,0,2,2
louis,7,8,15
louisiana,15,79,94
louisianans,0,1,1
louisville,1,4,5
lousy,4,0,4
louvre,1,0,1
lovable,0,1,1
love,88,549,637
lovebirds,0,1,1
loved,18,63,81
loveee,0,1,1
lovely,1,10,11
lovers,7,8,15
loves,9,204,213
lovesaveslives,0,1,1
lovestowin,0,1,1
lovetrump,0,1,1
loving,4,19,23
lovingly,1,1,2
low,134,85,219
lowe,30,60,90
lowell,0,4,4
lowered,1,3,4
lowering,15,7,22
lowers,1,0,1
lowest,61,54,115
lowlife,5,6,11
lowlifes,3,4,7
lowly,2,0,2
lowry,0,1,1
lows,5,3,8
loyal,3,28,31
loyalists,2,1,3
loyally,1,0,1
loyalties,0,1,1
loyalty,1,9,10
lp,0,1,1
lpez,0,1,1
lpuprzjbq,0,1,1
lssc,0,1,1
lsu,1,5,6
lt,5,10,15
ltc,0,2,2
ltg,1,2,3
ltimo,0,2,2
lto,0,1,1
lubitz,1,0,1
lucent,1,0,1
lucia,0,1,1
luck,5,51,56
luckie,0,2,2
lucky,10,16,26
lucrative,0,1,1
ludicrous,0,1,1
lueders,0,1,1
luis,1,0,1
luisa,0,1,1
luke,0,1,1
lumbe,1,0,1
luna,0,3,3
lunatic,2,2,4
lunatics,2,1,3
lunch,1,20,21
luncheon,2,3,5
lunches,1,0,1
lunchtime,1,0,1
luntz,1,0,1
lupe,0,1,1
lupica,0,1,1
lurch,1,0,1
luthe,5,29,34
lutsenko,0,3,3
luv,1,6,7
luvit,0,1,1
luvo,0,1,1
luvs,0,1,1
luxurious,1,3,4
luxury,1,7,8
lv,0,3,3
lwcf,0,2,2
lyin,30,29,59
lying,56,34,90
lyingted,1,1,2
lynch,5,10,15
lynching,0,2,2
lynn,0,1,1
lynne,0,1,1
lyse,0,1,1
ma,8,35,43
mac,0,11,11
maccallum,0,2,2
macdaddy,0,1,1
macdonald,0,1,1
machete,1,0,1
machinations,0,1,1
machine,8,10,18
machines,3,1,4
mack,0,2,2
macleod,0,1,1
macomb,0,1,1
macon,1,4,5
macri,0,2,2
macron,2,10,12
macy,7,8,15
macys,4,2,6
mad,6,9,15
madam,0,3,3
madame,0,5,5
maddow,0,1,1
madeinamerica,0,3,3
madeintheusa,0,2,2
madeleine,0,1,1
madison,1,7,8
madman,0,1,1
madness,2,2,4
maduro,6,2,8
maduroregime,1,0,1
mafia,0,1,1
mag,0,1,1
maga,44,387,431
magachallenge,0,2,2
magadoctrine,0,1,1
magakag,0,1,1
magarally,1,18,19
magarasmussen,0,1,1
magatickets,0,7,7
magatoday,0,1,1
magazine,15,16,31
magazinea,0,1,1
magazines,2,1,3
maggie,7,0,7
magic,7,7,14
magical,0,2,2
magician,1,1,2
magnate,0,2,2
magnet,1,5,6
magnificence,0,1,1
magnificent,0,21,21
magnificently,0,1,1
magnified,2,0,2
magnifying,1,0,1
magnus,0,1,1
magoo,1,0,1
maguire,0,3,3
mahalet,2,0,2
mahalo,0,1,1
mahe,1,1,2
mahmoud,0,1,1
mahoning,0,1,1
mahrokh,1,0,1
mail,28,25,53
mailbox,1,0,1
mailed,0,1,1
mails,21,6,27
maimed,0,1,1
main,10,14,24
maine,1,25,26
mainstay,1,0,1
mainstream,33,26,59
maintain,3,11,14
maintained,1,1,2
maintaining,2,2,4
maintains,0,1,1
maintenance,1,1,2
maithripala,1,0,1
maitne,0,1,1
maitnerstrong,0,1,1
maj,0,1,1
majestic,0,1,1
majesties,0,1,1
majesty,0,5,5
majewski,0,1,1
majo,71,135,206
majorit,0,1,1
majorities,0,1,1
majority,36,53,89
majors,0,4,4
majotity,0,1,1
mak,0,1,1
make,262,998,1260
makeamerciagreatagain,0,3,3
makeamericagrateagain,0,1,1
makeamericagreatagai,0,1,1
makeamericagreatagain,53,504,557
makeamericagreatagainsign,0,1,1
makeamericagreatagainthroughtrump,0,1,1
makeamericagreatagaintickets,0,2,2
makeamericagreatagainvideo,0,1,1
makeamericagreatagainwatch,0,2,2
makeamericagreatwithtrump,0,1,1
makeamericangreatagain,0,1,1
makeamericasafeagain,1,6,7
makeamericasmilitarygreatagain,0,1,1
makeamericastrongagain,0,1,1
makeamericaworkagain,0,2,2
makeawish,0,1,1
makeithappen,0,1,1
makers,1,1,2
makes,36,75,111
makeshift,1,0,1
makesureyouvote,0,1,1
makeup,0,1,1
makeyoutubegreatagain,0,1,1
makin,1,0,1
making,91,227,318
makingadifference,0,1,1
makingamericagreatagain,0,1,1
makings,1,0,1
mal,0,1,1
maladies,0,1,1
malaria,1,0,1
malarkey,0,1,1
malawi,0,1,1
malaysia,0,2,2
malcolm,1,1,2
male,0,3,3
malicious,1,2,3
malign,1,0,1
maligned,1,0,1
malik,0,1,1
malkin,0,1,1
mall,0,1,1
malleable,0,1,1
malley,2,0,2
malnutrition,1,0,1
malpractice,2,1,3
mama,0,2,2
man,84,255,339
mana,0,1,1
manafo,10,1,11
manaforts,1,0,1
manage,9,18,27
managed,2,6,8
management,11,16,27
managers,9,11,20
manages,1,1,2
managing,4,5,9
manassas,1,1,2
mancheste,4,12,16
manchin,4,5,9
manchurian,0,1,1
mancini,0,1,1
mandan,0,1,1
mandarin,0,1,1
mandate,5,9,14
mandated,3,3,6
mandatethat,1,0,1
mandating,1,0,1
mandatory,1,2,3
maneuve,0,2,2
maneuvering,1,0,1
manhattan,1,8,9
manhattans,0,1,1
manheim,0,1,1
manhunt,1,0,1
maniac,0,2,2
maniacs,0,1,1
manifesto,0,1,1
manipulate,1,1,2
manipulated,2,3,5
manipulating,1,1,2
manipulation,5,7,12
manipulato,0,2,2
mankind,0,1,1
mannatech,1,0,1
manne,8,7,15
manning,1,1,2
mans,0,1,1
mansion,0,3,3
mantene,0,1,1
mantle,1,0,1
mantngase,0,1,1
manuel,0,6,6
manufacture,0,3,3
manufactured,6,5,11
manufacturers,7,25,32
manufactures,0,2,2
manufacturi,0,1,1
manufacturing,24,45,69
manuscript,2,3,5
manythousands,1,0,1
map,2,5,7
mapp,0,3,3
maps,1,0,1
maquire,1,0,1
maralago,0,1,1
marana,0,1,1
marathon,0,2,2
maraude,0,1,1
marauders,0,1,1
marc,1,6,7
marcelo,0,2,2
march,9,34,43
marched,0,1,1
marches,1,1,2
marchfo,0,1,1
marchforlife,0,4,4
marchfortrump,0,1,1
marching,3,6,9
marchionne,0,1,1
marco,42,37,79
marcorubio,1,0,1
marcus,1,2,3
margaret,0,2,2
margin,3,13,16
marginalize,0,1,1
margins,1,6,7
mari,0,1,1
maria,3,13,16
mariana,0,1,1
mariano,0,5,5
marie,1,2,3
marijuana,0,1,1
marillyn,0,2,2
marine,6,24,30
marineone,0,1,1
mariners,0,1,1
marines,5,12,17
marinette,0,2,2
marino,0,1,1
mario,2,3,5
marist,0,3,3
mark,26,95,121
marked,1,0,1
market,76,115,191
marketing,0,4,4
markets,13,26,39
marking,0,2,2
markings,1,0,1
markle,1,0,1
marklevin,0,1,1
marks,9,8,17
markup,1,1,2
markwayne,0,3,3
marlon,0,1,1
marquis,0,1,1
marred,0,1,1
marriage,4,0,4
married,2,2,4
marriott,0,1,1
marris,1,0,1
marry,1,0,1
marrying,0,1,1
mars,0,3,3
marsha,0,5,5
marshal,0,2,2
marshaled,0,1,1
marshaling,0,1,1
marshall,2,3,5
marshalling,0,1,1
marshawn,0,2,2
marshville,0,1,1
martha,1,19,20
martial,0,1,1
martin,1,14,15
martinsville,0,1,1
marxist,1,1,2
marxists,0,1,1
mary,6,13,19
marybrigidmcmanamon,1,1,2
maryland,6,21,27
marysville,0,1,1
mas,0,1,1
masa,1,1,2
mask,5,3,8
masks,5,10,15
mason,0,6,6
mass,11,17,28
massachusetts,7,10,17
massacre,4,0,4
massacred,1,0,1
massages,1,0,1
massaging,1,0,1
massey,0,1,1
massi,0,2,2
massie,1,0,1
massini,0,1,1
massive,127,127,254
massively,4,2,6
mast,0,1,1
maste,4,8,12
masterfully,0,1,1
mastermind,2,2,4
masterminds,1,1,2
masterpiece,0,7,7
masters,0,5,5
matalin,0,1,1
match,7,12,19
matches,0,2,2
matching,1,3,4
matchless,0,1,1
matchup,1,1,2
mate,0,9,9
material,5,7,12
materialized,1,0,1
materials,1,5,6
math,4,4,8
mathematical,0,1,1
mathematically,2,2,4
mathew,2,0,2
mats,0,2,2
matsuyama,0,1,1
matt,8,41,49
mattarella,0,1,1
matte,61,62,123
mattered,0,1,1
matters,10,21,31
matthew,1,2,3
matthews,0,1,1
mattis,6,21,27
mattte,1,0,1
maureen,1,1,2
mauricio,0,1,1
mavelous,0,1,1
max,1,6,7
maxed,1,1,2
maximum,7,5,12
maxine,1,11,12
maxing,0,1,1
maybe,25,58,83
mayhem,0,1,1
mayo,62,51,113
mayorluigiboria,0,1,1
mayors,1,7,8
maythe,0,1,1
mayweathe,0,2,2
mayweatherpacquiao,0,1,1
mazda,0,3,3
maze,2,0,2
mazie,0,1,1
mazloum,0,3,3
mbs,0,1,1
mc,0,1,1
mcaleenan,0,4,4
mcallen,0,1,1
mcarthu,1,0,1
mcas,0,3,3
mcauliffe,1,1,2
mccabe,47,28,75
mccabes,1,0,1
mccain,35,21,56
mccains,0,1,1
mccarthy,11,26,37
mccarthyism,4,2,6
mccaskill,1,3,4
mccathyism,0,1,1
mccaul,0,1,1
mcchrystal,1,0,1
mccloskeys,0,1,1
mcconnell,14,36,50
mcconnells,1,0,1
mccormick,0,2,2
mccullough,1,0,1
mcculloughfm,1,0,1
mcdaniel,1,2,3
mcdonald,0,1,1
mcenany,0,1,1
mcfarland,1,0,1
mcgahn,13,2,15
mcgarvey,0,1,1
mcginley,1,0,1
mcgowan,0,2,2
mcgurk,2,0,2
mchugh,0,2,2
mcintosh,0,1,1
mckay,0,1,1
mckelway,0,1,1
mckenzie,0,2,2
mckinley,0,1,1
mclane,0,1,1
mclarty,0,1,1
mclaughlin,1,3,4
mclinn,0,1,1
mcmahon,0,1,1
mcmanamon,1,0,1
mcmaste,2,15,17
mcmorris,0,1,1
mcmuffin,1,0,1
mcmullin,1,0,1
mcquaid,4,0,4
mcque,0,1,1
mcsally,0,7,7
mcsallys,0,1,1
md,1,2,3
mdprimary,0,1,1
mdt,0,1,1
mdw,0,1,1
mea,0,2,2
meadia,0,1,1
meadow,0,4,4
meadows,0,4,4
meals,0,2,2
mean,19,34,53
meande,0,1,1
meanest,0,1,1
meaning,6,9,15
meaningful,5,8,13
meaningfully,0,1,1
meaningless,4,3,7
means,34,55,89
meant,4,8,12
meantime,18,16,34
measly,0,1,1
measure,0,5,5
measured,2,2,4
measures,3,7,10
measurewait,1,0,1
meat,1,1,2
meatloaf,0,1,1
mecca,0,1,1
mechanicsburg,0,2,2
mechanism,1,0,1
med,1,1,2
medal,4,33,37
medalist,0,1,1
medallion,0,1,1
medalofhono,0,1,1
medalofhonorday,0,3,3
meddle,0,3,3
meddling,12,12,24
medford,1,0,1
medga,1,0,1
medi,1,1,2
media,440,515,955
mediaan,0,1,1
mediabuzz,0,2,2
mediafraud,0,1,1
mediamiss,0,1,1
median,4,4,8
medias,2,1,3
mediate,2,2,4
medica,0,2,2
medicaid,3,4,7
medical,16,35,51
medically,0,1,1
medicare,10,21,31
medication,2,3,5
medications,3,0,3
medicine,2,3,5
mediocre,3,1,4
mediocrity,0,3,3
medium,0,1,1
meek,1,0,1
meet,32,94,126
meeting,77,251,328
meetings,29,59,88
meetinlb,0,1,1
meets,0,10,10
meetthepress,1,0,1
meetthetrumps,0,3,3
megan,2,13,15
meghan,4,1,5
megyn,11,14,25
meiste,1,0,1
meister,0,1,1
melania,20,116,136
melanie,0,2,2
melbourne,2,4,6
melissa,1,1,2
melody,0,1,1
meltdown,9,1,10
melting,1,1,2
memb,0,1,1
membe,11,40,51
members,42,93,135
membership,1,7,8
meme,1,1,2
memembers,0,1,1
memes,2,0,2
memo,16,19,35
memoi,1,2,3
memorabilia,0,1,1
memorable,0,2,2
memorandum,1,5,6
memorial,4,43,47
memorialday,0,8,8
memorialized,0,1,1
memorials,1,1,2
memories,0,4,4
memory,10,11,21
memos,6,8,14
memphis,1,2,3
men,21,132,153
menace,0,1,1
mend,0,1,1
mendacious,0,1,1
mendoza,0,1,1
menopause,0,1,1
mens,0,2,2
mensaje,0,2,2
menswea,0,1,1
ment,1,0,1
mental,9,7,16
mentally,3,5,8
mention,25,28,53
mentioned,8,12,20
mentioning,4,1,5
mentions,4,3,7
mento,2,4,6
menu,0,2,2
mepoo,0,1,1
mercader,0,1,1
merce,1,1,2
mercedes,0,2,2
merchandise,0,6,6
merchant,0,2,2
merck,0,2,2
mercy,1,1,2
mere,2,2,4
meredith,0,1,1
merel,0,1,1
merely,5,9,14
meremembe,1,0,1
merge,1,0,1
merideth,0,1,1
merit,9,14,23
merits,1,0,1
merkel,2,8,10
merrily,1,0,1
merrimac,0,1,1
merry,1,19,20
merrychristmas,0,3,3
meryl,1,0,1
mesa,0,7,7
mess,70,38,108
message,18,59,77
messages,12,16,28
messed,1,1,2
messenge,2,1,3
messiah,0,2,2
messing,1,0,1
messne,0,1,1
messy,1,2,3
met,25,78,103
metal,0,1,1
metcalf,0,1,1
meth,0,2,2
methamphetamine,2,0,2
methane,0,1,1
method,1,2,3
methodically,0,1,1
methods,2,0,2
metoo,0,1,1
metric,1,1,2
metro,1,1,2
metropolitan,2,2,4
mette,0,1,1
meuse,0,1,1
mex,1,0,1
mexican,6,33,39
mexicans,0,2,2
mexico,156,190,346
mexicobut,1,0,1
mexicocavesaftertariffthrea,1,0,1
mexicolovestrump,0,1,1
mexicos,4,0,4
meyers,1,1,2
mezcla,1,0,1
mg,1,0,1
mhndz,0,1,1
mi,5,9,14
mia,1,6,7
miami,9,28,37
miamis,0,1,1
mic,3,1,4
mich,0,1,1
micha,1,0,1
michael,49,89,138
michaelcaputo,0,1,1
michaelcohen,0,1,1
michaelflynn,0,1,1
michaelmoore,0,1,1
michaels,1,0,1
michelin,0,1,1
michelle,2,6,8
michiga,0,1,1
michigan,22,103,125
mick,2,7,9
mickelson,0,1,1
mickey,0,2,2
microphone,2,2,4
mid,6,7,13
midas,0,1,1
midastouch,0,1,1
middl,0,1,1
middle,41,66,107
middletown,0,1,1
mideast,0,2,2
midland,0,1,1
midnight,0,7,7
midst,1,7,8
midterm,3,2,5
midterms,6,7,13
midwest,3,1,4
mifsud,3,0,3
migh,0,1,1
mightiest,0,1,1
mightily,3,2,5
mighty,2,1,3
migrant,1,4,5
migrants,9,7,16
migration,9,11,20
mik,0,1,1
mika,5,2,7
mike,49,146,195
mil,0,1,1
mild,1,0,1
mildly,5,5,10
mile,0,11,11
miles,11,32,43
milestone,0,6,6
milestones,0,2,2
mili,0,1,1
milit,0,2,2
militant,2,1,3
militants,1,0,1
militaries,0,1,1
militarily,1,1,2
militarized,0,1,1
military,146,425,571
militaryspouses,0,1,1
militia,0,1,1
militsry,1,0,1
milk,1,0,1
milking,1,1,2
mille,2,8,10
millennial,1,0,1
millennials,0,4,4
millennium,0,1,1
milley,0,3,3
millio,0,1,1
million,109,170,279
millionaires,1,0,1
millions,88,97,185
mills,0,3,3
milo,0,1,1
milwaukee,1,7,8
milwaukees,0,1,1
mimic,0,1,1
mind,16,47,63
minded,0,4,4
mindful,0,2,2
mindless,1,0,1
minds,3,8,11
mindset,2,0,2
miners,5,6,11
mines,1,1,2
mini,36,31,67
minimize,1,0,1
minimum,3,5,8
mining,0,5,5
minions,2,4,6
minist,0,1,1
ministe,20,143,163
ministers,0,1,1
ministries,0,1,1
ministry,0,1,1
minne,0,1,1
minneapolis,14,20,34
minneapolisriot,1,1,2
minnesota,11,53,64
minnesotans,1,0,1
minnesotas,0,1,1
minnis,0,1,1
mino,3,4,7
minorit,0,1,1
minorities,1,4,5
minority,3,10,13
minors,1,1,2
mins,0,3,3
minste,0,2,2
minus,3,0,3
minute,12,7,19
minutes,15,47,62
miosotis,0,1,1
miracle,1,2,3
miracles,1,1,2
miraculous,0,2,2
miraculously,2,1,3
mirama,0,2,2
mired,1,2,3
mirro,0,1,1
mirrors,0,1,1
mirziyoyev,0,1,1
mis,1,0,1
miscalculation,1,0,1
miscarriage,2,2,4
mischaracterized,2,0,2
mischief,1,0,1
misconduct,9,11,20
misdemeano,1,4,5
misdemeanors,9,6,15
misdirections,0,1,1
miserable,3,1,4
miserably,4,1,5
misery,1,1,2
misguided,0,1,1
mishandled,1,0,1
mishandles,0,1,1
mishandling,2,0,2
mishap,1,0,1
misidentifies,0,1,1
misinformation,2,0,2
misinformed,1,0,1
misinterpreted,0,1,1
mislead,2,2,4
misleading,7,12,19
misleadingly,0,1,1
misled,3,6,9
mismanaged,0,1,1
mismanagement,1,0,1
misplaced,1,0,1
misquoted,2,1,3
misremembe,1,0,1
misrepres,1,0,1
misrepresent,5,1,6
misrepresentation,1,2,3
misrepresentations,3,1,4
misrepresented,2,2,4
misrepresenting,2,0,2
misrepresents,2,3,5
miss,54,36,90
misse,0,1,1
missed,33,14,47
misses,2,0,2
missile,13,7,20
missiles,10,9,19
missing,40,7,47
mission,7,18,25
missions,0,1,1
mississippi,7,44,51
mississippis,0,1,1
missle,0,1,1
misslithuania,1,0,1
missoula,0,2,2
missouri,11,34,45
misspelled,1,0,1
misstated,0,1,1
misstatements,2,0,2
misstep,1,0,1
missteps,2,2,4
missu,1,0,1
missuniverse,6,2,8
mista,0,1,1
mistake,34,17,51
mistaken,1,1,2
mistakenly,2,2,4
mistakes,8,10,18
miste,0,1,1
mistreat,1,0,1
mistreated,0,1,1
mistreatment,0,1,1
mistreats,0,1,1
mistweet,0,1,1
misty,1,0,1
misunderstood,0,2,2
misuse,1,1,2
misusing,2,0,2
mit,0,1,1
mitch,11,37,48
mitchell,0,3,3
mitigation,0,1,1
mititary,0,1,1
mitt,37,20,57
mix,0,3,3
mixed,6,0,6
mixing,1,0,1
mk,0,1,1
mlb,0,2,2
mlk,0,2,2
mlkday,0,2,2
mn,4,2,6
mnuchin,0,8,8
mo,9,16,25
moat,1,1,2
mob,3,14,17
mobara,0,1,1
mobil,0,1,1
mobile,8,13,21
mobilization,2,2,4
mobilized,1,2,3
mobilizing,0,3,3
mobs,2,2,4
mobste,1,0,1
mock,2,1,3
mocked,4,3,7
mockery,2,0,2
mocking,1,6,7
mockingly,0,1,1
mode,1,0,1
model,2,15,17
models,2,5,7
moderate,3,2,5
moderates,2,0,2
moderato,3,5,8
moderators,2,4,6
modern,5,27,32
modernization,0,4,4
modernize,0,1,1
modi,0,8,8
modifications,1,0,1
modify,0,1,1
modly,0,1,1
modulated,1,0,1
modulating,1,0,1
mogul,2,1,3
moh,0,1,1
mohamed,0,1,1
mohammed,0,1,1
moines,3,13,16
mojo,0,2,2
mold,0,2,2
mole,0,1,1
mollie,1,4,5
molly,2,1,3
molotov,0,2,2
molten,1,0,1
mom,5,12,17
moment,12,27,39
momentarily,2,0,2
momentofhono,0,1,1
momentous,0,2,2
moments,2,14,16
momentum,5,11,16
mommy,5,2,7
moms,2,2,4
momsfortrump,0,1,1
mon,2,3,5
monahan,1,0,1
moncef,1,0,1
monda,0,1,1
mondale,0,1,1
monday,14,84,98
mondaymotivation,0,1,1
mondays,1,2,3
mondaythoughts,0,1,1
monetary,3,2,5
monetized,0,1,1
money,229,190,419
monge,0,1,1
mongering,1,4,5
moni,0,1,1
monica,0,2,2
monike,0,1,1
monito,6,6,12
monitoring,8,13,21
monkey,0,1,1
monmouth,1,3,4
monologue,0,3,3
monopo,0,1,1
monopolizing,0,1,1
monopoly,3,0,3
monroe,0,3,3
monsey,1,0,1
monson,1,0,1
monste,3,11,14
monsters,1,1,2
monstrous,0,1,1
montana,4,29,33
montanans,1,0,1
monterey,0,1,1
montgomery,0,1,1
month,28,47,75
monthly,0,3,3
months,74,54,128
monthsfnc,1,0,1
montoursville,0,2,2
monty,1,0,1
monu,1,0,1
monument,2,6,8
monumental,0,5,5
monumento,0,1,1
monuments,3,9,12
monumrnt,1,0,1
mooch,1,0,1
mood,1,3,4
mook,0,1,1
moolenaa,0,2,2
moon,2,24,26
moonbeam,1,0,1
mooney,0,1,1
moonface,1,0,1
moore,11,19,30
moot,1,0,1
mop,1,1,2
mopped,0,1,1
mops,0,1,1
moral,1,2,3
morally,2,1,3
morals,1,1,2
morell,1,0,1
moreno,0,4,4
moreove,1,0,1
morgan,1,7,8
morgenthau,0,2,2
morici,2,1,3
mormon,0,1,1
mormons,1,0,1
mornin,0,1,1
morning,51,226,277
morninghe,1,0,1
morningjoe,2,1,3
mornings,3,3,6
morningsarebetterwithfriends,0,1,1
morocco,0,4,4
moron,3,4,7
morons,2,4,6
morphed,0,1,1
morphing,0,1,1
morrisey,0,4,4
morrison,3,8,11
morse,0,1,1
morta,1,0,1
mortality,8,3,11
mortgage,1,0,1
mortifyingly,2,0,2
morty,2,1,3
mos,0,1,1
moscow,0,5,5
moses,0,1,1
moshe,0,1,1
mosque,1,0,1
mosques,1,2,3
mostintelligentrealityshow,0,1,1
mosul,4,0,4
mothe,5,17,22
motheras,0,1,1
motherhood,0,1,1
mothers,2,5,7
mothersday,0,2,2
moti,0,1,1
motion,3,8,11
motivados,1,0,1
motivate,0,4,4
motivated,0,5,5
motivates,0,2,2
motivating,0,3,3
motivation,1,9,10
motivational,0,1,1
motivato,0,1,1
motive,0,2,2
motley,1,0,1
moto,5,4,9
motorcade,0,1,1
motors,9,10,19
motto,0,4,4
moulton,1,0,1
mount,0,9,9
mountain,0,5,5
mountains,0,5,5
mounting,0,1,1
mourn,3,9,12
mourning,1,2,3
mourns,0,1,1
mouth,6,12,18
mouthed,3,2,5
mouthpiece,0,1,1
mouths,1,2,3
mov,0,1,1
moved,11,16,27
movement,13,76,89
movements,0,1,1
moves,7,4,11
movie,2,10,12
movies,3,2,5
movin,0,1,1
moving,32,59,91
mowers,0,1,1
mows,1,0,1
moy,0,1,1
moya,3,0,3
mp,0,1,1
mph,2,2,4
mrs,4,17,21
mrtrump,0,1,1
ms,23,40,63
msc,0,2,2
msdnc,19,12,31
msg,0,2,2
msgov,0,1,1
msm,16,18,34
msmers,0,1,1
msnbc,26,9,35
msprimary,0,1,1
mst,1,0,1
mt,2,7,9
mtg,1,3,4
mtgs,1,1,2
mtp,1,0,1
mu,0,1,1
muc,0,1,1
mud,2,2,4
mudd,2,0,2
muddled,0,1,1
muderers,1,0,1
mue,0,2,2
muelle,204,136,340
mueller,1,0,1
muellerdossie,1,0,1
muellerrepo,0,1,1
muellers,0,2,2
mug,0,1,1
muhammad,1,0,1
mui,0,1,1
mukasey,0,1,1
mullahs,1,1,2
mullas,1,0,1
mulle,0,1,1
mullerrepo,0,1,1
multi,1,4,5
multiple,6,10,16
multitudes,0,1,1
mulvan,0,2,2
mulvaney,2,3,5
mumbai,1,1,2
munchkin,1,0,1
munich,0,1,1
munro,0,1,1
muppets,0,1,1
murde,15,7,22
murdere,0,2,2
murdered,4,2,6
murdering,0,1,1
murderous,0,2,2
murders,5,3,8
murdoch,1,3,4
murdock,1,2,3
murkowski,0,1,1
murl,0,1,1
murph,0,1,1
murphy,1,14,15
murray,0,1,1
muscatine,0,1,1
muscles,0,2,2
muscula,0,1,1
museum,2,6,8
museums,0,1,1
mushow,0,1,1
music,1,8,9
musical,0,1,1
musician,0,1,1
musket,0,1,1
muslim,4,10,14
muslims,2,8,10
mustafa,0,1,1
mustard,1,1,2
muthana,1,0,1
mutineers,0,1,1
mutiny,0,2,2
mutual,1,3,4
mutually,0,3,3
muy,0,1,1
mvp,1,3,4
mxico,0,1,1
myanma,1,0,1
mye,0,3,3
mymantrump,1,0,1
mypassion,0,1,1
myriad,1,0,1
myrtle,0,12,12
mysel,1,0,1
mysterious,1,0,1
mystery,2,4,6
mystifying,0,1,1
mystique,1,0,1
mytake,1,0,1
myth,0,2,2
myths,1,0,1
na,1,1,2
nabtu,0,2,2
nad,1,0,1
nade,1,0,1
nadle,21,25,46
nafta,24,36,60
nail,2,1,3
nailed,0,5,5
nails,1,4,5
naive,4,2,6
naively,1,1,2
najib,0,1,1
naked,1,1,2
nakedly,1,0,1
namastetrump,0,1,1
named,13,35,48
names,3,20,23
naming,0,7,7
nan,3,1,4
nance,0,1,1
nancy,139,134,273
nancypelosi,0,1,1
nancypelosifakenews,1,2,3
nang,2,3,5
nap,0,1,1
naples,0,3,3
napoleon,0,1,1
napolitano,3,6,9
narco,0,1,1
narcotics,0,3,3
narrat,0,1,1
narrated,0,1,1
narrative,29,18,47
narratives,1,1,2
naruhito,0,1,1
nas,3,2,5
nasa,0,4,4
nasca,1,4,5
nasdaq,4,19,23
nash,0,1,1
nashua,0,5,5
nashville,0,22,22
nasrallah,0,1,1
nast,0,2,2
nastie,1,0,1
nastily,1,0,1
nasty,33,12,45
nat,0,5,5
natalie,0,4,4
nate,0,1,1
nathan,0,1,1
natio,1,3,4
nation,59,263,322
nationa,0,1,1
national,118,375,493
nationalagday,0,1,1
nationalagricultureday,0,1,1
nationalanthem,0,1,1
nationalassembly,0,1,1
nationalautismawarenessmonth,0,1,1
nationalbeefburgerday,0,1,1
nationalchampions,0,1,1
nationaldayofpraye,0,4,4
nationaldoctorsday,1,2,3
nationalemergency,0,1,1
nationalfarmersday,0,2,2
nationalism,0,2,2
nationalist,1,0,1
nationality,1,0,1
nationalize,1,0,1
nationally,1,7,8
nationalpoliceweekwatch,0,1,1
nationalprayerbreakfast,0,2,2
nationals,1,5,6
nationalteacherday,0,1,1
nationalvoterregistrationday,0,1,1
nationfull,0,1,1
nations,20,83,103
nationvideo,0,1,1
nationwide,5,15,20
native,4,17,21
natl,0,3,3
nato,39,49,88
natolondon,0,2,2
natomeeting,0,2,2
natos,0,1,1
natosummit,0,2,2
natu,0,1,1
natural,5,12,17
naturalborn,1,0,1
naturalgas,1,0,1
naturally,1,1,2
nature,0,4,4
naue,0,1,1
nauseated,0,1,1
navajo,1,1,2
naval,0,10,10
navarrete,0,1,1
navarro,3,6,9
navet,1,1,2
navigable,0,1,1
navigato,0,1,1
navista,0,2,2
navy,14,44,58
navybday,0,2,2
navycapability,1,0,1
navyreadiness,1,0,1
nayib,0,1,1
naysayers,0,1,1
nazarbayev,0,1,1
nazi,2,3,5
nazis,0,2,2
nazisin,0,1,1
nba,4,1,5
nbc,48,61,109
nbcs,0,2,2
nbpc,0,1,1
nc,4,26,30
ncaa,0,3,3
ncaachampions,0,1,1
ncgopcon,2,6,8
ncgopconvention,1,0,1
nclisten,1,0,1
nctl,0,1,1
nd,42,99,141
nda,1,2,3
ndaa,1,4,5
ndamendment,0,1,1
ndgov,0,1,1
ndsen,0,1,1
ne,4,8,12
nea,17,29,46
neal,0,2,2
near,0,1,1
nearby,4,3,7
nearest,0,1,1
nearing,1,1,2
nearly,23,29,52
nears,0,2,2
neat,0,1,1
nebraska,4,16,20
nebraskaprimary,0,1,1
necessarily,0,1,1
necessary,18,46,64
necessaryfederal,0,1,1
necessity,0,5,5
nechama,1,0,1
neck,1,0,1
ned,0,1,1
need,232,480,712
needed,52,79,131
needing,1,2,3
needle,2,1,3
needless,4,3,7
needlessly,0,1,1
needs,98,148,246
neera,1,0,1
neg,0,1,1
negate,0,3,3
negative,52,41,93
negatively,3,2,5
negatives,1,0,1
negativity,1,3,4
neglect,1,1,2
neglected,1,1,2
neglecting,1,0,1
neglige,0,1,1
negligence,0,1,1
negligent,1,1,2
negop,0,1,1
negotiate,20,20,40
negotiated,10,11,21
negotiates,0,1,1
negotiating,8,29,37
negotiation,15,16,31
negotiations,19,28,47
negotiato,3,7,10
negotiators,3,9,12
neighbo,1,1,2
neighborhood,1,4,5
neighborhoods,0,3,3
neighboring,1,0,1
neighbors,1,9,10
neil,3,8,11
neilcavuto,0,1,1
neithe,13,19,32
nellie,4,2,6
nelly,6,0,6
nelso,0,1,1
nelson,6,3,9
neo,0,2,2
neocon,1,0,1
nepotism,0,1,1
neprimary,0,1,1
nerve,2,3,5
nerves,1,0,1
nervous,25,11,36
nervously,1,0,1
nessel,2,2,4
nest,1,0,1
net,4,9,13
netanyahu,0,6,6
netflix,1,2,3
netherlands,0,1,1
network,11,31,42
networks,9,12,21
neurotic,2,1,3
neutral,1,1,2
neutrality,0,1,1
neutron,1,0,1
nev,1,3,4
nevada,14,63,77
nevadacaucus,0,4,4
nevadans,0,1,1
nevadawow,0,1,1
neve,530,646,1176
neveragain,0,1,1
nevercruz,0,1,1
neverforget,1,8,9
nevergiveup,0,1,1
neverhillary,3,2,5
nevertrump,2,3,5
nevertrumpers,0,1,1
nevins,0,1,1
new,396,1218,1614
newborn,0,2,2
newcast,1,0,1
newday,0,2,2
newe,1,0,1
newes,0,1,1
newest,2,11,13
newfound,0,1,1
newhampshire,0,2,2
newhoaxsameswamp,0,2,2
newhouse,0,1,1
newjersey,1,0,1
newly,5,15,20
newman,1,4,5
newmarket,0,1,1
news,681,707,1388
newscast,1,0,1
newscasters,1,0,1
newsfeed,0,1,1
newshou,0,1,1
newsmakers,1,0,1
newsmax,0,8,8
newsom,2,1,3
newspape,13,10,23
newspapers,2,3,5
newsroom,2,0,2
newsthe,1,1,2
newsweek,2,0,2
newt,1,4,5
newtown,0,1,1
newyea,0,1,1
newyork,0,1,1
newyorkpost,0,1,1
newyorkvalues,0,4,4
newyorkvaluesin,0,1,1
nextrevfnc,0,2,2
nfib,0,1,1
nfl,11,34,45
nflo,1,0,1
nflplaye,0,1,1
nguy,0,1,1
nh,11,39,50
nhc,0,1,1
nhfortrump,0,1,1
nhl,0,1,1
nhpol,0,1,1
nhpolitics,0,7,7
nhprimary,0,7,7
nhsen,0,1,1
nia,0,1,1
nice,56,255,311
nicely,4,13,17
nicest,0,2,2
nicholas,0,2,2
nicholson,0,2,2
nick,5,9,14
nicklaus,1,8,9
nickname,1,1,2
nicolas,1,0,1
nicole,2,5,7
niece,1,1,2
niel,1,0,1
nielsen,0,2,2
nielson,0,1,1
nieto,0,2,2
nigeria,0,1,1
night,137,377,514
nightget,0,1,1
nightly,1,0,1
nightmare,7,5,12
nights,3,21,24
nih,4,3,7
nijmegen,0,1,1
nike,1,3,4
nikki,0,5,5
nimble,0,1,1
ninth,2,6,8
nipple,1,0,1
niro,2,0,2
nite,2,5,7
nixed,1,0,1
nixon,3,0,3
nj,7,13,20
nk,1,0,1
nm,1,1,2
noaa,0,1,1
nobama,0,1,1
nobel,0,2,2
noble,5,3,8
nobles,1,0,1
noblesville,0,1,1
noce,0,1,1
noclintoninwheveragain,1,0,1
noirandeal,0,1,1
noise,0,2,2
noisymajority,1,0,1
noko,2,6,8
nole,0,1,1
noloyalty,1,0,1
nolte,0,3,3
nom,0,1,1
nominate,2,14,16
nominated,3,15,18
nominates,0,2,2
nominating,0,5,5
nomination,18,31,49
nominations,4,1,5
nominee,11,24,35
nominees,2,4,6
nomojoe,0,1,1
non,31,36,67
nonbelieve,1,1,2
nonessential,0,1,1
nonetheless,0,1,1
nonexistent,0,2,2
nonfiction,0,1,1
nonpartis,0,1,1
nonpartisan,0,1,1
nonpartisans,0,1,1
nonpolitical,0,1,1
nonprofit,0,1,1
nonprofits,0,1,1
nonsense,5,15,20
nonsensical,0,1,1
nonstop,1,1,2
nonwhite,0,1,1
noon,0,17,17
noonan,1,1,2
noooo,1,0,1
nope,2,0,2
norc,1,0,1
norcross,0,1,1
norfolk,0,9,9
norm,0,2,2
normal,10,5,15
normalization,0,1,1
normalized,2,0,2
norman,0,2,2
normandy,1,7,8
norms,0,2,2
norte,1,0,1
north,113,272,385
northa,0,1,1
northam,3,1,4
northamwho,0,1,1
northcarolina,0,2,2
northcom,0,1,1
northeast,1,3,4
northern,5,6,11
northkorea,0,1,1
northrrn,1,0,1
northward,1,2,3
northwest,0,3,3
northwestern,1,1,2
northwestward,1,0,1
norwalkia,0,1,1
norway,1,3,4
norwegian,0,2,2
nosanctuaryforcriminalsact,1,1,2
nosanctuaryforcriminalsactstatement,0,1,1
nose,2,1,3
nosedived,1,0,1
notable,2,0,2
notapuppet,0,1,1
notch,0,1,1
notching,0,2,2
note,4,6,10
noted,0,3,3
notes,5,8,13
notgood,0,1,1
noth,0,2,2
nothin,1,0,1
nothings,2,0,2
notice,20,14,34
noticed,1,6,7
noticing,0,2,2
notification,1,0,1
notified,2,4,6
notify,0,1,1
noting,0,1,1
notion,0,2,2
notlazy,0,1,1
notoriety,0,1,1
notoriously,0,1,1
nototal,1,0,1
notre,1,4,5
nov,5,11,16
novartis,0,2,2
novel,0,4,4
novembe,40,92,132
november,1,0,1
novi,0,2,2
nowadays,1,2,3
nowdems,1,0,1
np,1,6,7
nra,4,13,17
nraam,0,1,1
nro,1,0,1
nsa,3,6,9
nsc,0,3,3
nscs,1,0,1
ntxforum,1,0,1
nu,0,1,1
nuclea,59,42,101
nudity,0,1,1
nuestros,0,1,1
nuevo,0,1,1
nuke,3,2,5
nukes,6,4,10
nullified,1,1,2
nullify,1,1,2
numbe,53,106,159
numberd,0,1,1
numbered,0,1,1
numbers,108,194,302
numerous,20,25,45
nunes,3,14,17
nunez,0,1,1
nuns,1,0,1
nurse,0,1,1
nurses,4,10,14
nursesdoctorsgrocersfarmersteacherscustodianspharmaciststruck,0,1,1
nursing,4,3,7
nursultan,0,1,1
nurtured,1,0,1
nurtures,0,1,1
nut,7,0,7
nutrition,0,1,1
nuts,7,5,12
nutshell,0,1,1
nutte,0,1,1
nv,0,6,6
nvcaucus,0,2,2
ny,15,29,44
nyc,25,42,67
nycstrong,0,2,2
nye,1,0,1
nyers,1,1,2
nyjets,1,0,1
nykea,1,0,1
nypd,4,9,13
nypost,0,1,1
nyprimary,0,10,10
nyprimarytickets,0,1,1
nys,1,0,1
nyt,4,12,16
nytimes,6,2,8
oakland,2,1,3
oan,1,5,6
oann,2,7,9
oath,10,13,23
oba,0,1,1
obama,309,385,694
obamabid,0,1,1
obamacare,75,74,149
obamacarefail,0,7,7
obamacarefailed,1,0,1
obamacareinthreewords,0,1,1
obamaday,0,1,1
obamagate,9,18,27
obamagatewow,0,1,1
obamakneweverything,0,1,1
obamalovesamerica,0,1,1
obamas,7,6,13
obamatrade,0,2,2
obey,1,0,1
obfuscation,0,1,1
object,1,1,2
objectified,0,2,2
objections,0,1,1
objective,1,1,2
objectively,0,1,1
objectives,0,2,2
objectivity,0,1,1
obl,0,1,1
obligated,1,1,2
obligati,0,1,1
obligation,2,10,12
obligations,4,2,6
obligatory,0,1,1
obliterate,0,1,1
obliterated,1,1,2
obliterates,0,1,1
obliteration,1,0,1
oblivion,1,0,1
oblivious,1,0,1
obnoxious,2,2,4
obnoxiously,1,0,1
obrado,0,5,5
obs,0,1,1
obscure,0,1,1
obscurity,1,0,1
observance,0,2,2
observation,0,1,1
observe,0,2,2
observed,0,2,2
observers,0,1,1
observing,1,3,4
obsess,1,1,2
obsessed,5,4,9
obsessing,0,1,1
obsession,1,3,4
obsolete,2,5,7
obstacle,0,5,5
obstacles,0,1,1
obstruct,18,13,31
obstructed,2,4,6
obstructing,5,5,10
obstruction,103,29,132
obstructionist,7,3,10
obstructionists,6,4,10
obstructionofjustice,1,0,1
obtain,1,1,2
obtained,2,5,7
obtaining,1,0,1
obtrusive,0,1,1
obvious,10,15,25
obviously,13,20,33
oc,1,0,1
ocare,5,7,12
ocarenightmare,0,1,1
ocasio,2,1,3
occasio,0,1,1
occasion,0,7,7
occasions,4,4,8
occu,2,3,5
occupied,0,1,1
occupy,4,2,6
occurred,3,5,8
occurring,1,1,2
ocean,8,15,23
oceans,0,1,1
ochs,0,1,1
oclock,0,1,1
oct,2,4,6
octobe,4,30,34
odd,3,3,6
odds,2,6,8
oddsin,0,1,1
ode,0,1,1
odni,1,0,1
odonnell,1,0,1
odyssey,0,1,1
oecd,0,2,2
ofa,1,0,1
offe,13,11,24
offende,1,0,1
offended,3,6,9
offending,1,0,1
offense,1,12,13
offenses,3,2,5
offensive,0,4,4
offered,10,11,21
offering,3,6,9
offerings,0,1,1
offers,4,12,16
offi,2,0,2
office,129,174,303
officechuck,0,1,1
officehunte,0,1,1
officemaxine,0,1,1
officenancy,0,1,1
officers,17,59,76
offices,4,0,4
offici,0,1,1
officia,0,1,1
official,13,56,69
officially,14,26,40
officials,26,76,102
offloaded,0,1,1
offs,2,0,2
offset,1,0,1
offshoots,1,0,1
ofou,1,0,1
ofrenda,0,1,1
ogden,0,1,1
oh,54,50,104
ohio,48,165,213
ohiovotesearly,0,1,1
ohme,1,0,1
oi,0,1,1
oig,0,1,1
oil,33,46,79
ok,12,31,43
okay,5,2,7
okeechobee,1,2,3
okey,0,1,1
oklahoma,11,29,40
oklahomas,0,1,1
oksen,0,1,1
ol,1,1,2
old,61,75,136
olde,4,1,5
oldest,1,0,1
oligarch,1,1,2
oligarchs,1,2,3
olive,1,1,2
olympian,0,2,2
olympic,0,4,4
olympics,0,6,6
oma,17,12,29
omaha,0,1,1
omalley,0,1,1
oman,1,0,1
omarosa,5,8,13
omb,2,0,2
omen,0,1,1
omg,2,4,6
ominous,0,3,3
ominously,0,1,1
omissions,0,2,2
omitted,0,1,1
omnibus,4,1,5
oneamericaappeal,0,1,1
ones,20,24,44
ongoing,6,13,19
onhe,1,0,1
onlin,0,1,1
online,4,26,30
onlookers,0,1,1
onsite,0,1,1
onslaught,2,6,8
ontherecord,0,3,3
onthisday,0,1,1
onurgent,1,0,1
onward,0,1,1
oo,0,1,1
oops,1,0,1
op,2,15,17
ope,1,1,2
opec,9,4,13
opecs,0,1,1
oped,0,4,4
open,96,167,263
opene,0,1,1
opened,10,17,27
opening,16,56,72
openingceremony,0,1,1
openingdayathome,0,1,1
openings,2,9,11
openjoecoldcase,0,1,1
openly,7,8,15
opens,4,13,17
operate,5,5,10
operating,1,1,2
operatio,0,1,1
operation,13,20,33
operational,1,1,2
operations,1,18,19
operative,4,8,12
operatives,1,2,3
operato,0,1,1
operators,0,1,1
opinion,11,33,44
opinions,3,13,16
opioid,7,17,24
opioidcrisis,1,1,2
opioidepidemic,1,2,3
opo,0,3,3
oppidite,1,0,1
oppo,1,3,4
opponent,23,43,66
opponents,12,16,28
opportun,0,1,1
opportunist,1,0,1
opportunites,0,1,1
opportunities,2,15,17
opportunity,10,66,76
opportunitynow,0,2,2
opportunityzones,0,1,1
oppose,4,8,12
opposed,11,14,25
opposes,1,1,2
opposing,4,10,14
opposite,26,14,40
opposition,17,19,36
oppress,1,0,1
oppresses,0,1,1
oppression,2,1,3
oppressive,1,2,3
oprah,0,3,3
ops,1,2,3
opsec,0,1,1
optic,0,1,1
optimism,0,32,32
optimist,0,1,1
optimistic,0,7,7
option,6,8,14
options,2,10,12
oral,0,1,1
orange,0,3,3
orato,0,2,2
orban,0,1,1
orbis,1,0,1
orc,0,2,2
orchestrated,1,2,3
orchestrating,1,0,1
orde,103,155,258
orderand,0,1,1
ordered,11,7,18
ordering,1,4,5
orders,7,23,30
oreg,1,0,1
oregon,3,7,10
oregonian,0,1,1
oreillyfacto,0,4,4
oreillyfactor,1,1,2
oreily,0,1,1
org,0,2,2
organ,1,1,2
organization,15,20,35
organizations,2,10,12
organize,0,2,2
organized,3,4,7
organizers,1,1,2
organizing,0,1,1
orgs,1,0,1
orientation,0,1,1
origin,1,0,1
original,8,15,23
originally,9,6,15
originals,0,1,1
originated,1,2,3
originating,1,0,1
originators,1,0,1
origins,4,6,10
orlando,6,27,33
orleans,0,3,3
ornato,0,1,1
orphan,1,0,1
orphanage,0,1,1
orprimary,1,0,1
orrin,0,1,1
orthodox,1,1,2
orthodoxy,0,1,1
orville,0,1,1
orwells,0,1,1
os,0,1,1
osaka,0,2,2
osakasummit,0,2,2
osama,1,1,2
oscars,5,3,8
oskaloosa,0,1,1
ossof,0,1,1
ossoff,3,1,4
ot,0,4,4
otay,0,1,1
oth,0,1,1
othe,339,416,755
othershave,0,1,1
otr,0,1,1
otto,2,9,11
ottowarmbie,1,0,1
ou,1088,3167,4255
ought,1,7,8
ounce,1,0,1
ourselvesnot,0,1,1
ousted,0,2,2
outage,2,0,2
outb,1,0,1
outbound,0,1,1
outbre,0,1,1
outbreak,11,7,18
outcast,1,0,1
outclasses,0,1,1
outcome,4,5,9
outcomes,0,5,5
outcry,2,0,2
outdated,4,2,6
outdoors,0,1,1
outed,0,3,3
outgoing,1,0,1
outi,0,1,1
outing,1,2,3
outlandish,1,0,1
outlaw,1,1,2
outlawed,2,0,2
outlaws,2,0,2
outlet,5,1,6
outlets,5,10,15
outline,0,2,2
outlined,0,3,3
outlines,0,2,2
outlook,0,3,3
outmastered,1,0,1
outnumbered,0,1,1
outpace,0,1,1
outpaced,0,1,1
outpacing,0,2,2
outperform,2,0,2
outperformed,0,1,1
outperforms,0,1,1
outpouring,0,1,1
output,1,0,1
outrage,3,12,15
outraged,3,2,5
outrageous,5,7,12
outrageously,0,1,1
outrages,1,2,3
outreach,2,1,3
outright,3,4,7
outside,34,44,78
outsma,1,1,2
outsmarts,1,0,1
outsourcing,0,3,3
outspending,1,0,1
outstanding,2,53,55
outstripping,0,1,1
outta,2,1,3
ov,0,2,2
oval,10,54,64
ovation,0,10,10
ovations,0,6,6
ove,371,424,795
ovechkin,0,1,1
overall,2,19,21
overbroad,0,1,1
overcapacity,1,0,1
overcome,1,4,5
overcoming,0,1,1
overdose,1,2,3
overdoses,2,1,3
overdrive,0,1,1
overdue,1,4,5
overestimated,0,1,1
overflow,4,12,16
overflowing,0,1,1
overhaul,1,1,2
overheard,0,2,2
overjoyed,1,0,1
overlooked,1,0,1
overlooking,0,3,3
overlooks,0,1,1
overly,1,1,2
overnight,3,4,7
overnightwhile,1,0,1
overpass,0,1,1
overplaying,1,0,1
overrated,16,13,29
overreach,2,2,4
overregulates,1,0,1
overregulation,0,1,1
override,1,0,1
overriding,0,1,1
overrode,2,0,2
overruled,0,1,1
overrun,4,0,4
overruns,4,1,5
overs,3,0,3
oversaw,2,2,4
overseas,8,10,18
oversee,0,2,2
oversight,7,6,13
overstate,1,1,2
overstated,3,0,3
overstock,1,0,1
overtaken,0,2,2
overtaxed,0,1,1
overtaxes,1,0,1
overthinking,1,0,1
overthrow,2,5,7
overthrown,1,0,1
overtime,17,9,26
overturn,7,7,14
overturned,5,2,7
overturning,0,1,1
overturns,0,1,1
overused,1,0,1
overwhelm,0,1,1
overwhelmed,0,3,3
overwhelmin,0,1,1
overwhelming,12,8,20
overwhelmingly,3,5,8
overzealous,0,1,1
owe,9,9,18
owed,3,3,6
owens,0,5,5
owes,5,4,9
owne,7,9,16
owned,8,7,15
owners,9,10,19
owning,1,1,2
owns,2,4,6
oxford,0,2,2
pa,92,123,215
pac,6,4,10
pace,4,15,19
pacific,10,13,23
pack,3,8,11
package,4,10,14
packages,2,3,5
packed,13,39,52
packet,0,1,1
packing,4,1,5
packs,0,1,1
pacs,3,2,5
pact,3,5,8
pacts,0,1,1
pad,1,0,1
padilla,1,0,1
padre,0,1,1
page,46,54,100
pageant,6,6,12
pageants,0,1,1
pages,11,16,27
pai,1,2,3
paid,95,86,181
paidfamil,0,1,1
paidfamilyleave,0,1,1
paige,0,1,1
pain,7,3,10
pained,0,1,1
painful,1,0,1
paint,2,1,3
pakistan,6,4,10
pakistani,1,2,3
pal,0,2,2
palac,0,1,1
palace,0,3,3
palais,0,2,2
palazzo,0,1,1
palazzos,0,1,1
pale,1,0,1
pales,0,1,1
palestine,0,1,1
palestinian,3,2,5
palestinians,3,0,3
palin,0,5,5
palm,2,22,24
palme,1,3,4
palmetto,2,0,2
paloma,0,1,1
palos,0,6,6
pals,1,0,1
pam,0,3,3
pamela,0,2,2
pamlico,1,0,1
pampered,0,1,1
pan,1,1,2
panama,0,8,8
pand,0,1,1
pande,0,2,2
pandemic,18,24,42
pandemics,0,1,1
pandering,3,3,6
panders,1,0,1
panel,6,10,16
panelists,1,0,1
panels,4,0,4
panhandle,2,4,6
panic,2,3,5
panicked,1,2,3
panicking,0,3,3
panned,0,1,1
panorama,0,1,1
pantry,0,2,2
paolo,0,1,1
papa,0,1,1
papadopoulos,0,3,3
pape,23,11,34
paper,1,0,1
paperback,0,2,2
papers,10,9,19
paperwork,1,0,1
paprimary,0,2,2
par,1,0,1
para,1,2,3
parade,5,9,14
parading,0,1,1
paradise,0,3,3
paradox,0,1,1
paragon,0,1,1
paragraph,1,0,1
paraguay,0,1,1
paraguayan,1,0,1
paralympian,0,1,1
paralyzed,1,0,1
paramedics,0,1,1
parameters,0,1,1
paramountly,0,1,1
paratus,0,1,1
parcel,1,0,1
pardon,4,11,15
pardoned,1,4,5
pardoning,1,1,2
pardonrogerstone,0,1,1
pardons,3,1,4
parent,1,2,3
parental,2,2,4
parenthood,2,2,4
parents,8,10,18
parentsfantastic,0,1,1
paris,22,28,50
parisaccord,0,1,1
parishioners,0,1,1
park,1,16,17
parke,0,2,2
parking,3,0,3
parkland,2,8,10
parks,2,3,5
parliament,1,0,1
parlors,0,1,1
parlux,1,1,2
parnell,0,5,5
parnellsplatoon,0,1,1
parody,0,1,1
parscale,0,2,2
parson,0,3,3
parsons,0,1,1
partake,1,0,1
parte,1,0,1
partial,0,5,5
partially,1,3,4
participado,0,1,1
participant,1,0,1
participants,1,1,2
participate,4,9,13
participated,1,7,8
participates,0,3,3
participating,2,6,8
participation,1,6,7
particula,8,19,27
particularly,1,6,7
partie,0,1,1
parties,4,12,16
partisan,29,59,88
partisans,0,2,2
partisanship,1,0,1
partne,16,21,37
partnered,1,1,2
partnering,0,3,3
partners,11,20,31
partnersh,0,1,1
partnershi,0,1,1
partnership,7,15,22
partnerships,0,2,2
parts,9,28,37
party,145,331,476
partys,1,0,1
pas,0,3,3
paso,12,13,25
pass,50,58,108
passage,8,12,20
passed,28,44,72
passenge,0,1,1
passengers,2,1,3
passes,1,4,5
passing,12,21,33
passion,9,14,23
passionate,0,6,6
passive,3,0,3
passove,0,3,3
passpo,1,1,2
passports,2,0,2
passthebill,0,2,2
password,0,1,1
passwords,0,1,1
past,51,74,125
pasto,4,30,34
pastors,1,8,9
pat,2,13,15
pataki,4,0,4
patel,1,0,1
paterson,0,1,1
path,15,26,41
pathetic,46,12,58
pathetically,1,1,2
pathit,0,1,1
pathological,0,2,2
pathway,1,5,6
patie,0,1,1
patien,0,1,1
patience,2,5,7
patient,0,4,4
patiently,0,1,1
patients,13,13,26
patrick,3,21,24
patricks,0,1,1
patriot,6,38,44
patriotic,2,12,14
patriotism,0,8,8
patriots,7,55,62
patrol,25,48,73
patrolling,0,1,1
pattern,0,1,1
patterns,1,1,2
patterson,2,0,2
patti,0,1,1
pattillman,0,1,1
patton,1,2,3
paucity,0,1,1
paul,42,41,83
paulina,2,1,3
paulsen,1,0,1
pause,2,5,7
paused,1,1,2
pauses,0,2,2
paved,0,1,1
pavilion,0,1,1
paving,0,2,2
pavlo,1,0,1
pawn,2,1,3
paxton,1,1,2
pay,104,107,211
payback,1,0,1
payc,0,1,1
paycheck,9,16,25
paycheckprotectionprogram,10,10,20
paychecks,4,1,5
paydi,0,1,1
paye,1,1,2
payed,0,1,1
paying,70,33,103
payment,3,4,7
payments,14,21,35
payne,2,2,4
payoff,2,1,3
payoffs,0,1,1
paypal,0,1,1
payroll,10,7,17
payrolls,0,2,2
pays,6,15,21
paytoplay,1,2,3
paytribute,0,1,1
pbs,0,3,3
pburgh,0,1,1
pc,3,5,8
pcs,0,1,1
pe,11,28,39
pea,0,2,2
peac,0,1,1
peace,22,64,86
peaceably,1,0,1
peaceful,9,22,31
peacefully,0,4,4
peaceofficersmemorialday,0,3,3
peak,1,2,3
peaked,1,0,1
peaks,0,1,1
peanuts,1,1,2
pearl,0,14,14
pearlharbo,0,3,3
pearlharborremembranceday,0,1,1
peas,0,1,1
pease,0,1,1
peck,0,2,2
pedantic,0,1,1
peddle,0,1,1
peddled,0,2,2
peddlers,0,1,1
peddling,4,2,6
pediatricians,1,0,1
pee,0,1,1
peebles,0,1,1
peed,1,0,1
peek,0,1,1
peep,1,0,1
peepers,1,0,1
peggy,2,2,4
pel,2,0,2
pella,0,4,4
pellegrini,0,1,1
pelley,0,1,1
pelos,0,1,1
pelosi,164,179,343
pelosineedstogo,1,0,1
pelosis,2,3,5
pelositantrum,6,3,9
pelositantruma,0,1,1
pen,3,1,4
pena,0,1,1
penalize,1,0,1
penalized,1,0,1
penalties,5,3,8
penalty,9,3,12
pence,14,53,67
penchant,0,2,2
pencilcasso,0,1,1
pende,1,0,1
pendientes,0,1,1
pending,1,1,2
pendley,0,1,1
peng,0,5,5
penguins,0,3,3
peninsula,2,5,7
penn,4,6,10
penned,0,2,2
pennsyl,0,1,1
pennsylv,0,1,1
pennsylvania,25,152,177
penny,0,1,1
penobscot,0,1,1
pens,0,2,2
pensacola,5,20,25
pension,1,3,4
pensions,2,1,3
penske,0,1,1
pent,0,1,1
pentacampen,0,1,1
pentagon,1,8,9
peo,1,3,4
peop,0,6,6
peopl,0,2,2
people,911,1460,2371
peoples,2,1,3
peotus,0,3,3
peppering,0,1,1
perceived,0,2,2
percent,15,24,39
percentage,3,6,9
perception,1,0,1
perdue,1,6,7
peres,1,0,1
perez,1,1,2
perfect,16,42,58
perfection,1,3,4
perfectly,5,10,15
perfo,0,2,2
perform,0,1,1
performance,14,17,31
performances,3,2,5
performed,1,2,3
performing,1,2,3
perhap,0,1,1
perhsps,1,0,1
peril,1,1,2
perils,0,3,3
perino,1,0,1
period,18,23,41
periods,1,1,2
periscope,0,10,10
perished,0,4,4
perjured,0,3,3
perjury,5,2,7
perk,0,1,1
perkinscte,0,1,1
perks,0,2,2
permanent,3,5,8
permanently,6,2,8
permeate,1,0,1
permeated,1,0,1
permissable,1,0,1
permissible,0,2,2
permission,5,3,8
permit,1,1,2
permits,2,1,3
permitted,0,1,1
permitting,0,1,1
perot,1,1,2
perpetra,0,1,1
perpetrate,0,1,1
perpetrated,2,6,8
perpetrating,2,1,3
perpetrators,1,0,1
perpetual,0,1,1
perpetually,0,2,2
perpetuate,1,1,2
perpetuated,1,0,1
perry,5,11,16
pers,0,1,1
persecuted,3,3,6
persecution,3,5,8
perseverance,0,2,2
pershing,1,0,1
persistence,0,3,3
persistent,2,1,3
persisting,0,1,1
perso,0,1,1
person,93,135,228
persona,1,0,1
personable,0,4,4
personal,18,25,43
personality,0,2,2
personally,4,20,24
personas,1,0,1
personnel,4,9,13
persons,1,0,1
perspective,1,7,8
persuading,0,1,1
persuasion,0,3,3
persuasions,0,1,1
persuasive,0,1,1
persuasively,0,1,1
pertained,2,0,2
pertaining,0,2,2
pertains,4,1,5
pertinent,0,1,1
perusal,0,1,1
perv,0,1,1
pervades,0,1,1
perverting,0,1,1
pesident,0,1,1
pessimists,0,1,1
pet,1,1,2
pete,35,65,100
petersburg,0,3,3
petition,2,4,6
petitioning,0,1,1
petraeus,1,1,2
petrified,3,1,4
petro,0,2,2
petroleum,1,1,2
pets,1,4,5
petterson,0,1,1
petty,0,3,3
pew,0,2,2
pfc,0,1,1
pffffffttttt,0,1,1
pfize,1,6,7
pg,0,1,1
pga,0,3,3
pgs,0,1,1
ph,0,3,3
phadraig,0,1,1
phantom,0,2,2
pharma,1,1,2
pharmaceutical,0,1,1
pharmaceuticals,1,0,1
pharmacist,0,1,1
pharmacy,0,2,2
pharrell,0,1,1
phase,6,27,33
phased,0,1,1
phases,0,2,2
phasing,1,0,1
phc,0,1,1
phenomena,1,0,1
phenomenal,1,18,19
phenomenally,0,1,1
phenomenon,0,2,2
phil,2,9,11
philadelphia,8,9,17
philadelphias,0,1,1
philip,0,1,1
philippines,5,7,12
phillip,1,0,1
phillipines,0,1,1
phillips,0,2,2
philly,3,1,4
philosophy,1,0,1
philrobertson,0,1,1
pho,0,1,1
phoenix,10,27,37
phoenixrally,0,1,1
phone,40,58,98
phonegate,0,2,2
phoneix,0,1,1
phones,7,4,11
phoney,1,0,1
phonies,1,0,1
phony,110,97,207
phosphate,1,0,1
photo,4,17,21
photograph,0,3,3
photos,1,13,14
photosfromthefield,0,1,1
photoshopped,1,2,3
phrase,1,12,13
phuc,0,1,1
phylis,1,0,1
phyllis,3,7,10
physical,4,4,8
physically,1,0,1
physician,0,2,2
physicians,0,2,2
physiological,0,1,1
pi,1,0,1
pic,2,7,9
picasso,0,1,1
pick,17,27,44
picked,10,13,23
pickens,1,0,1
picking,1,2,3
picks,4,7,11
picnic,0,1,1
pics,0,1,1
picture,12,19,31
pictures,5,8,13
pie,0,3,3
piece,13,30,43
pieces,3,3,6
piecesgreat,1,0,1
pientka,0,1,1
pierce,1,4,5
piers,0,5,5
pies,0,1,1
piggy,0,5,5
pigs,0,2,2
pike,0,1,1
pile,2,2,4
pill,1,0,1
pillage,0,1,1
pillars,0,2,2
pills,1,2,3
pillsbury,0,1,1
pilot,4,9,13
pilots,1,3,4
pin,1,2,3
pinch,0,1,1
pines,0,1,1
pink,0,1,1
pinnacle,0,1,1
pinned,1,0,1
pinning,1,0,1
pinocchios,1,2,3
pinpointed,0,1,1
pinto,1,0,1
pionee,1,2,3
pioneers,1,2,3
pipe,1,0,1
pipeline,3,3,6
pipelines,2,4,6
pipko,1,0,1
pirro,1,6,7
pissed,2,0,2
pissing,0,2,2
pitch,0,3,3
pitche,0,3,3
pitched,0,1,1
pitchers,0,1,1
pitches,0,1,1
pitfalls,0,1,1
pitiful,1,0,1
pittsburgh,3,24,27
pittsburghers,0,1,1
pity,1,1,2
pivot,2,0,2
pivoting,1,0,1
pizza,0,2,2
pizzella,0,1,1
pjnet,0,1,1
pkk,0,2,2
pl,0,2,2
pla,0,1,1
plaats,1,0,1
place,107,165,272
placed,7,9,16
placeholde,1,0,1
placelocked,0,1,1
places,15,23,38
placing,3,2,5
plagiarism,1,1,2
plagiarizes,0,1,1
plague,6,2,8
plagued,0,2,2
plain,8,5,13
plainly,2,3,5
plaintiff,1,0,1
plan,32,104,136
planahead,0,1,1
plane,17,6,23
planes,0,7,7
planet,1,17,18
planned,14,27,41
planning,8,16,24
plans,18,29,47
plant,14,24,38
planted,0,3,3
planthank,0,1,1
plants,10,11,21
plasma,1,0,1
plastic,1,0,1
plate,1,5,6
plateau,0,3,3
platfo,0,1,1
platform,4,10,14
platforms,3,3,6
platoon,0,1,1
platte,1,0,1
plaudits,0,1,1
plausible,1,0,1
play,30,76,106
playa,0,1,1
playbook,3,4,7
playe,6,20,26
played,12,32,44
playef,0,1,1
player,0,1,1
players,8,38,46
playi,1,0,1
playing,27,68,95
playoff,1,1,2
playoffs,1,0,1
plays,4,8,12
playthetrumpcard,0,1,1
plea,3,0,3
plead,3,3,6
pleading,2,0,2
pleas,0,1,1
pleasant,0,4,4
pleased,2,63,65
pleasegetfired,0,1,1
pleaserun,0,1,1
pleasurable,0,4,4
pleasure,0,20,20
pled,2,0,2
pledge,4,23,27
pledged,3,6,9
pledges,1,3,4
pledgetoamericasworkers,0,5,5
pledgi,1,0,1
pledging,0,2,2
plentiful,0,1,1
plenty,8,21,29
plez,0,1,1
plight,0,1,1
pll,0,1,1
plot,3,15,18
plotted,0,2,2
plotting,2,1,3
plowing,0,1,1
ploy,3,0,3
pls,2,4,6
plugging,1,0,1
plummet,1,0,1
plummeted,1,0,1
plummeting,1,2,3
plunde,0,2,2
plunge,1,1,2
plunged,1,1,2
plunges,1,0,1
plunging,1,0,1
plus,39,53,92
pluses,0,1,1
plusplus,1,0,1
plymouth,0,2,2
plz,2,3,5
plzzzzz,0,1,1
pm,24,261,285
pme,2,62,64
pmest,0,1,1
pmet,0,4,4
pmhttps,0,1,1
pms,0,1,1
po,2,11,13
pocahontas,16,19,35
pocahontus,1,0,1
pocket,4,2,6
pocketbook,0,1,1
pocketbooks,1,0,1
pocketed,0,1,1
pockets,2,2,4
podcast,1,4,5
podcasts,0,1,1
podesta,13,14,27
podium,3,5,8
point,51,107,158
pointed,0,4,4
pointing,1,3,4
pointless,1,0,1
points,35,62,97
poised,1,4,5
poison,3,3,6
poisoned,1,0,1
poisoning,0,2,2
poisonous,1,0,1
poke,0,2,2
pokerplaye,1,0,1
pol,8,11,19
poland,0,19,19
poles,0,1,1
poli,3,5,8
polic,0,1,1
police,99,78,177
policeman,0,1,1
policemen,2,1,3
polices,0,1,1
policeweek,0,1,1
policeweekproclamation,0,1,1
polici,0,1,1
policie,0,1,1
policies,42,59,101
policing,2,1,3
policy,47,78,125
polis,0,1,1
polish,1,4,5
polit,1,3,4
polite,0,3,3
politely,1,3,4
politi,1,2,3
politic,0,2,2
political,117,193,310
politicalcrap,0,1,1
politically,18,25,43
politicallycorrect,0,1,1
politician,53,43,96
politicians,70,78,148
politicization,1,0,1
politicize,0,2,2
politicized,1,2,3
politicizing,3,0,3
politicking,0,1,1
politico,2,3,5
politics,47,95,142
politifact,1,0,1
polititians,1,1,2
poll,83,386,469
polldonald,0,1,1
polled,3,2,5
polling,23,27,50
polls,77,190,267
pollste,4,10,14
pollster,0,2,2
pollsters,2,1,3
pollthank,0,3,3
polltrump,0,1,1
polluters,1,1,2
polluting,1,0,1
pollution,1,2,3
pols,13,18,31
polygrip,1,1,2
pompeo,7,13,20
pomposity,0,1,1
pompous,2,1,3
pond,0,2,2
poo,49,14,63
poof,1,0,1
pool,0,2,2
poor,1,0,1
poore,1,0,1
poorly,49,7,56
poorlythere,0,1,1
poorthing,0,1,1
pop,0,2,2
popcorn,1,1,2
pope,0,9,9
popefrancis,0,1,1
popovich,0,1,1
popping,0,2,2
pops,0,1,1
popula,9,39,48
popularity,1,1,2
populated,0,2,2
population,6,6,12
populationthe,1,0,1
populism,0,1,1
populist,0,1,1
por,0,1,1
pore,0,2,2
pork,1,1,2
poroshenko,0,2,2
porous,3,0,3
portable,0,1,1
portal,0,1,1
portion,3,6,9
portions,2,5,7
portland,4,9,13
portman,0,2,2
portrait,2,3,5
portray,2,1,3
portrayal,1,0,1
portrayals,1,0,1
portrayed,0,1,1
portraying,1,1,2
ports,4,1,5
portsmouth,0,5,5
portugal,0,1,1
pose,1,3,4
posed,0,1,1
posen,0,1,1
posers,0,1,1
poses,1,0,1
posey,0,1,1
posing,0,4,4
positi,0,1,1
position,18,35,53
positions,9,5,14
positive,13,54,67
positively,0,3,3
positivey,0,1,1
positivity,1,2,3
poss,1,0,1
possesses,0,1,1
possession,1,0,1
possibilities,0,3,3
possibility,5,9,14
possible,65,86,151
possibly,16,10,26
post,65,97,162
postal,3,1,4
postcards,0,1,1
posted,0,2,2
poster,0,1,1
posthumously,0,1,1
posting,2,3,5
postpone,3,0,3
postponed,1,0,1
postponing,0,1,1
posts,1,5,6
postthis,1,0,1
posture,0,3,3
pot,0,3,3
potatoes,4,1,5
potawatomi,1,0,1
potential,18,74,92
potentially,6,10,16
potomac,0,4,4
pottawattamie,1,0,1
potus,27,81,108
potusabroad,0,4,4
potusinasia,0,2,2
potusinjapan,0,4,4
potusinpoland,0,2,2
pou,8,10,18
poultry,0,1,1
pounce,0,1,1
pound,0,1,1
pounds,1,4,5
poured,5,1,6
pouring,23,21,44
poverty,7,12,19
pow,1,7,8
poway,1,3,4
powe,67,85,152
powel,0,1,1
powell,16,19,35
powered,1,3,4
powerful,20,62,82
powerfully,0,6,6
powerhouse,2,4,6
powering,0,1,1
powerless,1,0,1
powers,11,10,21
pp,0,1,1
ppe,2,1,3
ppl,6,10,16
ppp,9,10,19
ppploan,0,2,2
ppploans,0,1,1
pppworks,0,1,1
pr,2,5,7
practic,1,0,1
practical,0,1,1
practically,5,5,10
practice,4,12,16
practiced,0,3,3
practices,4,4,8
practicing,1,0,1
practitioners,2,0,2
prague,0,1,1
prairies,0,1,1
praise,2,10,12
praised,3,6,9
praises,3,9,12
praising,1,1,2
pramila,1,0,1
pranksters,0,1,1
pravda,0,1,1
pray,6,28,34
praye,1,28,29
prayers,61,31,92
prayfornashville,0,1,1
prayfortexas,0,1,1
praying,6,20,26
prayingforryan,0,1,1
prays,1,0,1
pre,13,31,44
preach,1,4,5
preache,1,0,1
preaches,0,1,1
preamble,0,1,1
precautions,0,3,3
precedent,4,4,8
precinct,0,1,1
precincts,1,0,1
precious,1,7,8
precise,0,4,4
precisely,1,2,3
precision,0,3,3
precluded,0,1,1
preconceived,0,1,1
preconditions,0,1,1
predato,2,0,2
predators,2,1,3
predecesso,0,2,2
predecessors,1,0,1
predetermined,2,1,3
predicate,1,0,1
predicated,1,0,1
predicciones,0,1,1
predict,3,4,7
predictability,0,1,1
predictable,3,1,4
predictably,0,1,1
predicted,9,9,18
predicting,0,6,6
prediction,3,2,5
predictions,3,3,6
predicto,0,1,1
predicts,1,2,3
predominantly,0,1,1
preeminent,0,1,1
preemptive,0,1,1
prefe,3,8,11
preference,0,1,1
preferred,0,1,1
prefers,1,0,1
preforming,0,1,1
pregnancy,1,0,1
preident,1,0,1
prejudice,1,0,1
preliminarily,1,0,1
preliminary,1,1,2
premeditated,0,2,2
premie,0,6,6
premiere,0,6,6
premieres,0,3,3
premiers,0,1,1
premise,0,2,2
premised,1,0,1
premium,1,3,4
premiums,9,16,25
prep,1,2,3
prepackaged,1,0,1
preparation,0,5,5
preparations,2,6,8
prepare,5,11,16
prepared,13,22,35
preparedness,1,2,3
preparing,4,4,8
prerogative,1,0,1
pres,23,59,82
presales,1,0,1
presbyterian,0,1,1
presc,1,0,1
prescr,0,2,2
prescribed,0,1,1
prescriptio,1,0,1
prescription,15,15,30
presdidency,0,1,1
presedent,0,2,2
presen,1,0,1
presence,1,4,5
present,4,29,33
presentation,2,6,8
presentations,0,1,1
presented,3,16,19
presenting,0,4,4
presents,0,11,11
preservation,0,3,3
preserve,2,1,3
preserved,0,1,1
preserving,0,2,2
presi,2,6,8
presid,1,4,5
presidant,0,1,1
preside,3,3,6
presided,0,2,2
presiden,4,5,9
presidencies,2,3,5
presidency,29,51,80
president,812,2265,3077
presidente,0,3,3
presidential,98,205,303
presidents,20,30,50
presidenttrump,0,8,8
presides,0,1,1
presiding,1,1,2
press,48,164,212
presse,1,0,1
pressed,0,5,5
pressing,0,1,1
presskit,0,1,1
pressu,1,0,1
pressure,35,39,74
pressured,5,3,8
pressures,0,1,1
presthe,1,0,1
prestige,1,2,3
prestigious,1,2,3
preston,1,0,1
prestrump,1,0,1
prestwick,0,1,1
presumably,1,0,1
presumptions,1,2,3
presumptive,0,2,2
pretend,3,6,9
pretended,2,4,6
pretending,1,6,7
pretends,3,3,6
pretense,1,1,2
pretentious,0,1,1
pretext,0,2,2
pretty,8,21,29
prevail,1,18,19
prevailed,1,1,2
prevails,1,2,3
prevalent,2,1,3
prevent,8,17,25
preventable,1,2,3
preventative,0,1,1
prevented,0,1,1
preventing,1,2,3
prevention,1,3,4
prevents,1,3,4
preview,0,2,2
previous,20,15,35
previously,5,6,11
prey,0,1,1
prez,3,34,37
pri,1,0,1
pric,1,0,1
price,33,35,68
priced,1,2,3
priceless,0,3,3
prices,56,27,83
pricing,6,8,14
pride,0,27,27
priding,0,2,2
priebus,1,5,6
priest,1,0,1
priestap,2,2,4
primaries,10,16,26
primarily,1,3,4
primary,36,85,121
primaryday,0,1,1
primarywatch,1,0,1
prime,20,139,159
primetime,0,1,1
prince,2,17,19
princess,0,2,2
princeton,0,1,1
principals,0,1,1
principle,4,4,8
principles,2,4,6
print,3,0,3
printed,2,2,4
prio,19,33,52
priorities,6,6,12
prioritize,1,1,2
priority,4,14,18
prison,15,32,47
prisone,2,4,6
prisoners,9,10,19
prisonreform,0,1,1
prisons,0,2,2
pristine,0,1,1
privacy,3,2,5
private,24,52,76
privately,1,0,1
priveledged,0,1,1
privilege,7,24,31
prix,0,3,3
prize,2,4,6
prized,1,0,1
prizefight,1,0,1
prizes,2,2,4
pro,38,97,135
proactive,3,1,4
proactively,0,2,2
prob,2,1,3
probable,2,1,3
probably,46,36,82
probe,21,21,42
probers,1,0,1
probing,0,1,1
problem,112,79,191
problematic,0,1,1
problems,46,41,87
proc,0,1,1
proce,0,2,2
procedural,1,1,2
procedurally,1,0,1
procedure,2,1,3
procedures,0,5,5
proceed,2,7,9
proceeding,2,1,3
proceedings,3,2,5
proceeds,1,2,3
process,76,83,159
processed,1,0,1
processing,0,2,2
processors,0,1,1
proclaim,1,4,5
proclaimed,1,3,4
proclaiming,1,0,1
proclaims,0,9,9
proclamation,4,16,20
proclamations,0,1,1
procure,0,1,1
produce,9,20,29
produced,11,8,19
producers,1,6,7
produces,3,2,5
producing,4,9,13
product,23,28,51
production,8,19,27
productionup,1,0,1
productive,3,31,34
products,17,34,51
prof,1,1,2
profe,0,1,1
professional,7,32,39
professionalism,0,1,1
professionally,2,5,7
professionals,9,16,25
professo,9,5,14
professors,0,1,1
proficient,0,1,1
profile,1,3,4
profiles,0,3,3
profiling,3,4,7
profit,2,7,9
profitability,1,0,1
profitable,2,0,2
profits,1,7,8
profound,0,5,5
profoundly,1,2,3
profusely,2,1,3
prog,0,2,2
prognosticato,1,0,1
program,25,45,70
programmes,0,1,1
programming,1,0,1
programs,9,7,16
progress,12,79,91
progressiv,0,1,1
progressive,1,4,5
progressively,0,1,1
progressives,1,1,2
prohibit,0,1,1
prohibiting,0,1,1
prohibitions,0,2,2
prohibits,2,1,3
project,15,28,43
projectairbridge,1,0,1
projected,3,7,10
projecting,0,1,1
projections,1,1,2
projects,2,4,6
proliferation,1,1,2
prolonged,0,1,1
prom,1,1,2
prominence,1,0,1
prominent,5,3,8
prominently,1,2,3
promise,6,45,51
promised,21,20,41
promises,4,59,63
promiseskept,0,1,1
promisesmadepromiseskept,1,1,2
promising,2,5,7
promo,0,3,3
promos,0,1,1
promote,4,8,12
promoted,1,2,3
promotes,1,1,2
promoting,4,2,6
promotional,0,1,1
promptly,0,2,2
promulgated,1,0,1
proof,15,17,32
prop,1,0,1
propaganda,11,7,18
propagandist,0,1,1
prope,15,8,23
propelled,0,1,1
propensity,0,1,1
properity,0,1,1
properly,23,20,43
properties,2,5,7
property,6,15,21
prophylaxis,0,1,1
prople,3,0,3
propo,1,0,1
proportion,1,2,3
proportionally,1,0,1
proportionate,1,0,1
proportions,1,2,3
proposal,8,14,22
proposals,1,3,4
propose,1,3,4
proposed,2,9,11
proposes,0,2,2
proposing,1,3,4
proposition,0,1,1
propped,1,0,1
props,0,2,2
pros,0,2,2
prosections,1,0,1
prosecute,4,1,5
prosecuted,4,5,9
prosecuti,0,1,1
prosecuting,0,2,2
prosecution,3,4,7
prosecutions,1,0,1
prosecuto,10,7,17
prosecutor,0,1,1
prosecutorial,5,2,7
prosecutors,10,5,15
prospe,2,4,6
prospect,3,0,3
prospects,0,3,3
prospering,0,2,2
prosperity,4,35,39
prosperous,3,12,15
prot,0,2,2
prote,0,3,3
protec,0,1,1
protect,34,202,236
protected,8,13,21
protecting,14,47,61
protection,30,36,66
protectionist,0,3,3
protections,0,1,1
protective,2,3,5
protectively,1,0,1
protectkavanaugh,1,0,1
protectors,1,1,2
protects,6,11,17
protein,1,0,1
proteins,1,0,1
protes,1,1,2
protest,17,12,29
protestant,0,1,1
proteste,2,1,3
protested,1,1,2
protesters,20,32,52
protesting,3,8,11
protestors,3,5,8
protests,16,3,19
protocol,1,2,3
protocols,0,1,1
prototypes,0,3,3
prou,0,1,1
proud,10,247,257
proudamerican,0,1,1
prouddeplorable,0,2,2
proudest,0,1,1
proudly,4,22,26
prove,6,25,31
proved,8,6,14
proven,36,34,70
proves,2,11,13
provide,14,45,59
provided,10,12,22
providers,0,3,3
provides,2,6,8
providing,6,12,18
province,4,1,5
proving,4,6,10
provision,0,3,3
provisions,0,2,2
provocateu,1,0,1
provocations,1,0,1
provocative,2,0,2
provoke,4,1,5
provoking,0,1,1
provost,0,1,1
proxies,1,0,1
prstrong,1,4,5
prudent,0,1,1
pruitt,0,3,3
prystaiko,2,1,3
ps,1,1,2
psa,0,1,1
psalm,0,1,1
pseudo,0,1,1
psyched,0,1,1
psycho,9,11,20
psychotic,0,1,1
pt,1,5,6
pts,0,2,2
ptsd,0,1,1
pu,1,1,2
pub,2,0,2
publ,1,1,2
public,78,80,158
publication,1,1,2
publicity,4,8,12
publicized,1,0,1
publiclands,0,1,1
publicly,4,6,10
publish,0,1,1
publishe,2,2,4
published,1,5,6
publishers,0,1,1
publishing,1,1,2
puddles,0,1,1
pue,0,1,1
pueblo,0,2,2
puerto,25,38,63
puertorico,3,5,8
puff,2,1,3
puget,1,0,1
puke,1,0,1
puking,0,1,1
pulitze,2,4,6
pulitzers,1,1,2
pull,5,4,9
pullback,0,1,1
pulled,5,5,10
pulling,4,5,9
pullout,0,2,2
pulls,1,2,3
pulse,0,3,3
pulsenightclub,1,0,1
pulte,0,1,1
pummels,0,1,1
pummled,0,1,1
pump,5,0,5
pumped,1,3,4
pumping,3,3,6
pumps,0,1,1
punch,3,1,4
punched,0,1,1
punches,0,2,2
punching,0,2,2
punchy,0,2,2
punctuation,1,0,1
pundit,5,5,10
pundits,17,16,33
punish,0,1,1
punishable,1,0,1
punished,1,0,1
punishing,1,0,1
punishment,2,0,2
punta,0,2,2
punted,0,1,1
pup,0,1,1
pupils,0,1,1
puppet,9,26,35
puppets,3,8,11
puppies,1,0,1
puppy,2,0,2
purchaes,0,1,1
purchase,3,8,11
purchased,0,4,4
purchases,3,3,6
purchasing,0,7,7
purdue,0,2,2
pure,7,12,19
purely,4,2,6
purest,1,0,1
purge,1,0,1
purification,1,0,1
puritan,0,1,1
purple,0,3,3
purpleheartday,0,3,3
purpo,0,1,1
purporting,1,2,3
purpose,4,14,18
purposeful,1,0,1
purposefully,0,2,2
purposely,22,9,31
purposelyso,1,0,1
purposes,8,11,19
purse,0,2,2
pursuant,0,1,1
pursue,2,6,8
pursued,2,0,2
pursuing,1,3,4
pursuit,1,4,5
push,19,20,39
pushback,2,2,4
pushed,26,11,37
pushers,1,0,1
pushes,1,2,3
pushing,43,25,68
pushove,0,1,1
pushpolls,1,0,1
pussy,0,1,1
putin,27,39,66
putinneve,1,0,1
puts,12,24,36
putt,2,2,4
putte,0,1,1
putted,0,1,1
putting,39,46,85
puzde,0,1,1
puzzle,0,1,1
pv,0,1,1
pyongyang,0,1,1
pyramid,1,0,1
pyramids,1,0,1
python,1,0,1
qa,1,0,1
qaeda,4,2,6
qas,0,1,1
qasem,1,0,1
qasim,2,0,2
qassem,2,2,4
qassemsoleimani,1,0,1
qassim,1,1,2
qata,0,3,3
qb,0,1,1
qhdcgrzw,0,1,1
qoute,1,0,1
qs,0,2,2
qt,0,2,2
qu,2,0,2
quadruple,0,1,1
quagmire,0,1,1
qualcomm,0,1,1
qualified,6,9,15
qualify,2,3,5
qualit,0,1,1
qualities,1,1,2
quality,2,16,18
quang,0,1,1
quantico,0,2,2
quantitative,8,10,18
quantities,1,4,5
quarantine,1,3,4
quarantined,1,0,1
quarantines,0,1,1
quaratinelife,0,1,1
quarte,6,7,13
quarter,0,1,1
quarterback,0,3,3
quarterbacks,0,2,2
quarterfinals,0,1,1
quarterly,1,3,4
quarters,0,3,3
quds,0,1,1
que,0,1,1
queasy,0,1,1
queen,1,13,14
quell,0,1,1
quest,1,6,7
questio,1,1,2
question,31,73,104
questionable,0,2,2
questionably,1,0,1
questioned,4,1,5
questioning,1,1,2
questions,34,61,95
questionscan,1,0,1
qui,1,2,3
quick,5,20,25
quicke,0,4,4
quickest,1,1,2
quickly,54,66,120
quicksand,2,1,3
quid,21,30,51
quidprojoe,0,1,1
quidproquo,0,1,1
quiet,1,1,2
quietly,1,4,5
quincy,0,1,1
quinnipiac,1,3,4
quit,16,11,27
quite,7,18,25
quithatin,0,1,1
quits,2,2,4
quitters,0,1,1
quitting,2,3,5
quo,23,34,57
quote,4,28,32
quoted,1,2,3
quoteoftheday,0,1,1
quotes,2,11,13
quoting,4,6,10
ra,0,3,3
rabbi,1,1,2
rabbis,0,1,1
rabid,1,1,2
rac,0,1,1
race,55,98,153
racea,1,0,1
racefake,0,1,1
racehe,0,1,1
racelooks,1,0,1
races,6,6,12
rachel,0,4,4
racial,3,6,9
racine,0,1,1
racing,0,1,1
racism,5,5,10
racist,29,18,47
racists,0,2,2
racket,2,0,2
racking,0,1,1
rad,0,1,1
rada,1,2,3
radical,147,108,255
radicals,2,3,5
radio,4,18,22
raffensperge,0,1,1
rafical,0,1,1
rafters,0,2,2
rag,2,0,2
rage,3,6,9
raging,1,4,5
raid,1,7,8
raided,3,1,4
raiders,0,1,1
raids,0,1,1
rail,0,4,4
railing,0,2,2
railroad,2,2,4
rails,3,1,4
railways,1,0,1
rain,4,6,10
rainbow,0,2,2
rainfall,0,3,3
rainforest,0,1,1
rains,0,1,1
rainy,1,0,1
raise,36,39,75
raiseact,0,1,1
raised,17,37,54
raises,4,8,12
raising,11,8,19
raked,1,0,1
rakuten,0,1,1
raleigh,0,6,6
rallies,8,31,39
rally,44,222,266
rallyforriley,0,1,1
rallying,0,2,2
ralph,6,8,14
ram,0,1,1
ramadan,0,1,1
ramadi,1,0,1
rambles,0,1,1
rambling,2,1,3
ramifications,1,1,2
rampage,1,1,2
rampant,6,4,10
ramping,0,1,1
ramps,1,0,1
ramsey,0,1,1
ran,25,33,58
ranc,0,1,1
ranch,1,1,2
ranche,0,2,2
ranchers,3,21,24
rancho,0,2,2
rand,9,21,30
randall,0,1,1
random,1,1,2
randomly,0,1,1
randomn,0,1,1
randy,1,7,8
range,2,3,5
ranges,0,1,1
ranil,1,0,1
rank,4,2,6
ranked,0,2,2
ranking,4,6,10
rankings,0,1,1
ranks,3,3,6
ransom,1,2,3
rant,0,4,4
ranting,1,2,3
rants,1,0,1
rape,1,2,3
raped,1,0,1
rapes,1,0,1
rapi,0,1,1
rapid,2,11,13
rapidly,24,19,43
rapids,2,19,21
rapist,1,1,2
rapists,2,1,3
raqqa,0,1,1
rare,1,6,7
rarely,12,9,21
rashida,0,1,1
rashtrapati,0,1,1
rasmussen,2,15,17
rat,4,0,4
ratchet,1,0,1
ratcheting,0,1,1
ratcliffe,5,11,16
rate,83,72,155
rated,17,17,34
rates,28,40,68
rathe,41,59,100
ratified,2,0,2
ratify,1,3,4
rating,6,107,113
ratings,137,101,238
rational,1,0,1
rationale,1,0,1
rationalization,1,0,1
rationally,1,0,1
raton,0,2,2
rats,1,0,1
rattled,1,1,2
rattledhillary,1,2,3
raul,1,1,2
ravaged,1,0,1
ravaging,0,1,1
rave,0,2,2
raves,0,1,1
raving,1,2,3
raw,0,1,1
rawlings,1,0,1
rawness,0,1,1
rawsonville,0,3,3
ray,6,3,9
raymond,0,1,1
razak,0,1,1
razo,0,1,1
rb,1,0,1
rci,1,0,1
rcp,0,1,1
rd,16,51,67
rdenes,0,1,1
rdy,1,1,2
rea,0,4,4
reach,9,13,22
reached,12,36,48
reaches,2,3,5
reaching,6,5,11
react,1,3,4
reacted,0,1,1
reacting,2,1,3
reaction,3,10,13
reacts,0,2,2
read,60,186,246
reade,0,2,2
readers,2,3,5
readership,1,0,1
readily,5,0,5
reading,13,42,55
readings,0,1,1
readout,0,1,1
reads,0,5,5
readthebill,0,1,1
readthetranscript,1,0,1
ready,36,170,206
readyforthethrowdown,0,1,1
reaffirm,0,2,2
reaffirmed,0,4,4
reaffirming,0,1,1
reaffirms,0,1,1
reafirm,0,1,1
reagan,23,54,77
reaganomics,0,1,1
real,121,263,384
realbusinessman,0,1,1
realclea,0,1,1
realclearpolitics,0,2,2
realdonaldtrump,0,4,4
realestate,1,1,2
realistic,0,1,1
realitea,0,1,1
reality,15,30,45
realization,1,0,1
realize,12,18,30
realized,6,2,8
realizes,1,4,5
realizing,2,0,2
reall,0,1,1
really,262,370,632
reallyi,1,0,1
realpresident,0,1,1
realtime,0,1,1
realtors,0,1,1
reams,1,1,2
reaping,0,1,1
rearrange,0,1,1
reason,78,82,160
reasonable,9,2,11
reasonably,0,1,1
reasoned,1,1,2
reasons,26,22,48
reaspected,1,0,1
reassigned,0,1,1
reassure,0,1,1
reauthorizatio,0,1,1
reauthorize,0,3,3
reawakening,0,1,1
rebelling,0,1,1
rebellion,0,1,1
rebelo,0,1,1
rebels,1,1,2
reboot,0,1,1
reborn,1,0,1
rebound,0,2,2
rebounds,0,1,1
rebrand,0,1,1
rebroadcast,0,6,6
rebuffed,0,1,1
rebuild,10,26,36
rebuildamerica,0,1,1
rebuilding,12,29,41
rebuilt,12,10,22
rebuke,3,1,4
rebuked,1,1,2
rebukes,0,2,2
rebuttal,1,1,2
recall,3,3,6
recalled,1,0,1
recap,2,2,4
recapping,1,1,2
recapture,1,0,1
recaptured,0,1,1
recede,1,0,1
receipt,1,0,1
receipts,0,1,1
receive,5,37,42
received,21,61,82
receives,2,3,5
receivin,0,1,1
receiving,8,19,27
recent,23,34,57
recently,30,24,54
recep,0,2,2
recept,0,1,1
reception,4,12,16
recess,2,2,4
recession,5,10,15
recheck,0,1,1
recibi,0,1,1
recieve,0,2,2
recieved,4,5,9
recip,0,1,1
recipe,0,2,2
recipient,0,4,4
recipients,4,4,8
reciprocal,4,6,10
reciprocate,1,0,1
reciprocated,2,0,2
reciprocating,0,1,1
reciprocity,0,2,2
recision,1,0,1
recite,0,2,2
reckless,5,2,7
recklessly,2,0,2
reckon,0,2,2
reclaim,1,2,3
reclaiming,0,1,1
reclamation,1,0,1
reco,0,1,1
recognition,1,7,8
recognizable,3,0,3
recognize,3,21,24
recognizeable,1,0,1
recognized,4,11,15
recognizi,0,1,1
recognizing,0,6,6
recollections,1,0,1
recommend,4,10,14
recommendation,1,5,6
recommendations,2,4,6
recommended,1,9,10
recommending,2,3,5
recommends,0,1,1
recommit,0,2,2
recommits,1,0,1
reconciliation,3,0,3
reconnect,0,1,1
reconnecting,0,1,1
reconstituted,0,1,1
reconstruct,0,2,2
reconstruction,0,2,2
recor,0,1,1
record,113,279,392
recorded,11,6,17
recording,1,1,2
recordings,2,0,2
records,26,49,75
recount,2,1,3
recounts,1,0,1
recove,5,9,14
recoverable,1,0,1
recovere,0,1,1
recovered,4,4,8
recovering,0,1,1
recovery,22,27,49
recreation,0,3,3
recreational,0,1,1
recrimination,2,0,2
recruit,0,2,2
recruiting,1,1,2
recruitment,3,1,4
rectify,1,0,1
recuperate,1,0,1
recusal,2,1,3
recuse,2,0,2
recused,1,2,3
recuses,1,0,1
recycling,1,0,1
red,20,33,53
redacted,2,2,4
redacting,1,0,1
redaction,0,1,1
redcrossready,0,1,1
redding,0,2,2
redemption,0,2,2
redeployed,1,0,1
redesign,0,1,1
redesignates,0,2,2
redesigned,0,1,1
redford,0,1,1
redirect,1,0,1
rediscove,0,1,1
redo,7,0,7
redone,0,1,1
redos,2,0,2
redrawn,1,0,1
redskins,0,1,1
redstateand,1,0,1
redtige,0,1,1
reduce,14,11,25
reduced,7,5,12
reduces,1,2,3
reducing,6,11,17
reduction,7,11,18
reductions,5,1,6
redux,0,1,1
redwave,0,1,1
reed,2,12,14
reelected,1,1,2
reelecting,0,1,1
reelection,0,3,3
reeling,1,1,2
reente,0,1,1
reeves,0,5,5
ref,0,1,1
refe,2,2,4
refered,0,1,1
reference,0,5,5
references,0,1,1
referendum,0,1,1
referral,2,1,3
referrals,0,1,1
referred,8,17,25
referring,3,10,13
refers,1,1,2
refilling,1,0,1
refinance,0,1,1
refinancing,0,1,1
refined,0,1,1
refineries,0,3,3
refinery,0,1,1
refinish,1,0,1
refitted,1,0,1
reflect,1,2,3
reflected,0,1,1
reflecting,0,1,1
reflection,0,1,1
reflective,0,2,2
reflects,1,6,7
reflexes,0,1,1
reflexive,1,0,1
refocus,1,0,1
reform,42,60,102
reforme,1,0,1
reforming,0,1,1
reforms,0,10,10
refreshing,0,12,12
refrigerato,1,0,1
refs,0,1,1
refu,0,1,1
refuge,0,1,1
refugee,2,3,5
refugees,5,12,17
refurb,0,1,1
refusal,2,2,4
refuse,14,26,40
refused,21,13,34
refuses,32,12,44
refusing,16,2,18
refutation,0,1,1
refuted,1,1,2
reg,4,4,8
regain,1,1,2
regains,0,1,1
regan,1,2,3
regard,8,3,11
regardin,0,1,1
regarding,8,40,48
regardless,0,11,11
regards,3,5,8
regime,16,10,26
regimes,2,2,4
region,2,14,16
regional,0,1,1
regions,0,2,2
regis,0,1,1
registe,12,16,28
registered,7,19,26
registering,1,3,4
registers,1,1,2
registration,4,4,8
registrations,0,1,1
regret,2,0,2
regrets,1,0,1
regs,7,3,10
regula,1,2,3
regularly,1,2,3
regulat,1,0,1
regulate,1,1,2
regulating,0,1,1
regulatio,1,0,1
regulation,17,16,33
regulations,27,17,44
regulators,1,0,1
regulatory,0,4,4
regurgitation,1,0,1
rehabilitation,0,2,2
rehearsed,1,1,2
rehearsing,0,1,1
rehire,1,1,2
reid,3,5,8
reign,1,3,4
reigning,1,0,1
reigns,0,1,1
reilly,3,13,16
reimburse,2,0,2
reimbursed,2,1,3
reimbursement,0,5,5
reincarnated,0,1,1
reince,0,2,2
reinf,0,1,1
reinforced,0,1,1
reinforcing,0,1,1
reinstated,2,0,2
reinstating,1,1,2
reiterate,1,1,2
reiterated,0,3,3
reiwa,0,1,1
rejec,0,1,1
reject,3,2,5
rejected,11,3,14
rejecting,1,1,2
rejoining,0,1,1
rel,1,3,4
relate,0,1,1
related,15,12,27
relates,0,2,2
relating,1,0,1
relation,1,1,2
relations,7,8,15
relationship,21,67,88
relationships,2,7,9
relative,2,3,5
relatively,1,1,2
relax,1,2,3
relaxed,0,1,1
relaxing,1,2,3
releas,0,2,2
release,32,52,84
released,56,73,129
releases,4,6,10
releasing,3,15,18
relentless,3,4,7
relentlessly,1,1,2
relevancyaint,1,0,1
relevant,6,1,7
reliable,1,6,7
reliant,1,1,2
relied,1,2,3
relief,7,62,69
relies,0,1,1
relieve,0,2,2
relieved,1,0,1
religion,7,8,15
religions,1,0,1
religious,4,17,21
religiousfreedom,0,1,1
religous,0,1,1
relitigate,2,0,2
relitigating,0,1,1
relives,1,0,1
relocate,2,0,2
relocating,0,1,1
relocation,1,0,1
reluctant,2,1,3
reluctantly,1,2,3
rely,0,5,5
relying,1,1,2
rema,0,1,1
remagen,0,1,1
remain,12,25,37
remainde,1,3,4
remained,2,4,6
remaining,8,13,21
remains,11,26,37
remake,0,3,3
remark,0,2,2
remarkable,1,12,13
remarkably,1,0,1
remarked,0,1,1
remarks,10,71,81
remedied,1,1,2
remedies,1,0,1
remedy,1,0,1
remem,0,1,1
rememb,0,1,1
remembe,103,147,250
remembered,4,10,14
remembering,3,3,6
rememberourvets,0,1,1
remembers,1,1,2
remembrance,4,12,16
remind,2,5,7
reminde,14,24,38
reminded,3,5,8
reminding,0,2,2
reminds,6,9,15
reminisces,0,1,1
remittance,1,0,1
remnants,1,1,2
remodeled,0,2,2
remodeling,0,1,1
remorse,1,0,1
remote,0,1,1
remotely,1,1,2
remov,1,1,2
removal,6,2,8
remove,9,17,26
removed,19,12,31
removing,10,3,13
rena,0,1,1
renaissance,0,2,2
rename,0,1,1
renamed,1,0,1
renaming,1,3,4
rende,1,0,1
rendered,1,1,2
renders,0,1,1
rendition,0,1,1
rene,0,1,1
reneged,0,1,1
renegotiate,5,2,7
renegotiated,3,0,3
renegotiating,1,1,2
renegotiation,2,1,3
renew,1,4,5
renewal,1,3,4
renewals,1,0,1
renewed,0,3,3
renewing,0,2,2
renews,0,2,2
reno,0,10,10
renounce,1,0,1
renounced,0,1,1
renovate,0,1,1
renovated,1,6,7
renovating,2,1,3
renovation,1,8,9
renovations,0,2,2
renowned,1,0,1
rent,3,5,8
reopen,8,9,17
reopenin,1,0,1
reopening,4,3,7
reorganized,0,1,1
rep,29,77,106
repai,0,1,1
repairs,0,1,1
repatriated,0,1,1
repay,1,0,1
repeal,35,32,67
repealandreplace,2,1,3
repealed,2,2,4
repealing,0,4,4
repealobamacare,1,2,3
repeals,0,3,3
repeat,2,6,8
repeated,1,0,1
repeatedly,8,4,12
repeating,4,1,5
repeats,1,0,1
repellent,0,1,1
repentinas,0,1,1
repercussions,1,0,1
repetitive,0,1,1
rephrase,0,1,1
replace,34,39,73
replaceable,0,1,1
replaced,11,8,19
replacement,4,6,10
replaces,1,4,5
replacing,2,8,10
replay,0,8,8
replayed,0,1,1
replenish,2,1,3
replied,0,1,1
replies,0,1,1
reply,0,4,4
repmikekelly,0,1,1
repo,177,200,377
report,1,0,1
reporte,27,24,51
reported,72,24,96
reportedly,1,4,5
reporters,22,22,44
reporting,82,53,135
reports,44,19,63
repository,0,1,1
reprehensible,0,1,1
represen,1,0,1
represenatives,1,1,2
represent,13,24,37
representa,0,1,1
representatio,1,0,1
representation,5,1,6
representative,8,22,30
representatives,20,34,54
represented,10,18,28
representing,8,29,37
represents,2,9,11
repress,0,1,1
repressed,1,0,1
repression,1,1,2
reprieve,1,0,1
reps,3,5,8
repsincrease,0,1,1
repub,5,1,6
republ,0,1,1
republic,4,26,30
republica,0,1,1
republican,164,458,622
republicandebate,0,2,2
republicanpresidentialdebate,0,1,1
republicans,184,274,458
republics,0,2,2
repubs,0,3,3
repudiate,0,1,1
repulsive,0,1,1
reputation,12,11,23
reputations,2,0,2
reques,1,0,1
request,17,38,55
requested,10,5,15
requesting,0,4,4
requests,6,10,16
requesttotal,0,1,1
requi,0,1,1
require,1,1,2
required,5,5,10
requirements,3,3,6
requires,2,11,13
reruns,0,1,1
res,1,3,4
resch,0,2,2
reschedule,0,1,1
rescheduling,0,2,2
reschenthale,0,1,1
rescind,0,2,2
rescinded,0,1,1
rescinding,0,1,1
rescissions,0,1,1
rescue,8,19,27
rescued,0,1,1
rescues,0,2,2
reseach,1,0,1
reseached,0,2,2
research,12,18,30
researche,0,1,1
researchers,0,1,1
resemblance,1,0,1
resembled,0,1,1
resent,1,0,1
resentment,0,1,1
reservation,1,1,2
reserve,26,34,60
reserveci,0,1,1
reservecitizena,0,1,1
reservecitizenairmen,1,0,1
reserved,1,0,1
reserveready,1,0,1
reservoi,1,0,1
reset,5,4,9
resettled,0,2,2
resgards,0,1,1
reside,1,0,1
residence,0,4,4
residences,0,1,1
resident,1,4,5
residents,4,4,8
resigining,1,0,1
resign,11,9,20
resignation,5,5,10
resignations,1,0,1
resigned,3,3,6
resigning,2,0,2
resilience,2,2,4
resilient,1,3,4
resist,3,11,14
resistance,0,13,13
resisted,1,0,1
reso,2,10,12
resolution,15,23,38
resolutions,1,0,1
resolve,2,6,8
resolved,1,5,6
resonate,1,1,2
resonates,0,1,1
resonating,0,2,2
resorts,1,3,4
resounding,0,2,2
resource,0,8,8
resources,6,13,19
resp,0,2,2
respect,43,100,143
respectable,0,1,1
respected,33,90,123
respectful,5,5,10
respectfully,2,2,4
respecting,1,3,4
respective,0,3,3
respects,2,9,11
respirato,1,0,1
respirators,1,2,3
respiratory,1,1,2
respo,0,2,2
respond,9,15,24
responded,4,5,9
respondents,0,2,2
responders,15,49,64
responding,1,6,7
responds,4,5,9
respons,0,1,1
response,25,74,99
responses,0,1,1
responsib,0,1,1
responsibi,0,1,1
responsibilities,1,0,1
responsibility,9,11,20
responsible,25,14,39
responsibly,0,1,1
responsive,0,1,1
rest,35,55,90
resta,1,1,2
restarting,0,1,1
restaurant,3,2,5
restaurants,4,6,10
restaurantstartup,0,1,1
rested,1,0,1
resting,1,0,1
resto,1,0,1
restoration,0,6,6
restore,8,26,34
restored,5,4,9
restores,1,2,3
restoring,1,7,8
restraint,3,1,4
restrict,0,7,7
restricted,1,2,3
restricting,1,1,2
restriction,0,4,4
restrictions,3,4,7
restrictive,2,1,3
restricts,0,1,1
resu,1,0,1
resubmit,0,1,1
result,14,31,45
resulted,0,3,3
resulting,1,1,2
results,40,92,132
resume,0,4,4
resuming,0,1,1
resurrecting,0,1,1
resuscitation,0,1,1
ret,2,1,3
retail,1,5,6
retailers,5,1,6
retain,0,1,1
retaine,0,1,1
retained,1,2,3
retaining,0,1,1
retains,0,2,2
retakes,0,1,1
retaking,0,2,2
retaliate,3,2,5
retaliated,0,1,1
retaliation,1,2,3
retarded,0,1,1
rethink,0,3,3
retire,1,5,6
retired,4,6,10
retireesand,0,1,1
retirement,3,4,7
retirements,0,1,1
retiring,0,4,4
retold,0,1,1
retract,2,0,2
retracted,1,0,1
retraction,1,0,1
retractions,0,1,1
retracts,0,1,1
retrain,1,0,1
retraining,0,1,1
retreat,0,4,4
retreating,0,1,1
retribution,4,1,5
retroactively,1,0,1
retrospect,0,2,2
retrospective,1,0,1
retrumplican,0,1,1
retry,1,0,1
return,20,23,43
returned,10,28,38
returning,8,15,23
returns,14,7,21
retweet,2,10,12
retweeted,0,3,3
retweets,0,1,1
reuni,0,1,1
reunited,0,2,2
reuniting,0,1,1
reuse,0,1,1
reuters,2,19,21
reuven,1,0,1
rev,0,2,2
reve,0,2,2
revea,1,0,1
reveal,10,12,22
revealed,11,15,26
revealing,2,8,10
reveals,4,8,12
revelation,0,1,1
revelations,3,1,4
revenge,2,3,5
revenue,2,2,4
revenues,2,1,3
reverberated,0,2,2
revered,0,1,1
reverend,2,1,3
reverent,0,1,1
reverse,3,3,6
reversed,2,5,7
reversing,1,2,3
revi,0,1,1
review,15,34,49
reviewed,2,3,5
reviewing,2,2,4
reviews,7,26,33
revised,1,1,2
revises,0,1,1
revisions,0,1,1
revisit,1,0,1
revitalization,0,1,1
revitalize,0,3,3
revival,0,4,4
revive,1,1,2
revived,2,1,3
reviving,0,1,1
revoke,0,1,1
revoked,2,1,3
revoking,0,1,1
revolt,0,1,1
revoltedneve,0,1,1
revolution,3,13,16
revolutionary,0,1,1
revolved,1,0,1
reward,0,1,1
rewarded,4,1,5
rewarding,1,0,1
rewards,0,1,1
rewrite,2,0,2
rewriting,1,0,1
rex,3,8,11
rexach,0,1,1
rexnord,2,0,2
reyes,0,1,1
reynolds,0,2,2
rhe,0,1,1
rhetoric,0,7,7
rhinos,1,0,1
rhoa,0,1,1
rhode,1,6,7
ri,0,3,3
ribbed,0,1,1
ribbo,0,1,1
ribbon,2,0,2
ric,0,1,1
ricardo,0,3,3
rice,6,16,22
rich,7,26,33
richard,10,19,29
richardson,1,3,4
riche,3,10,13
riches,0,1,1
richest,1,1,2
richie,0,1,1
richly,1,2,3
richmo,1,0,1
richmond,0,7,7
rick,11,33,44
rickets,1,0,1
ricketts,0,2,2
ricky,0,1,1
rico,25,38,63
rid,19,25,44
ridden,0,1,1
ridding,1,2,3
riddled,0,1,1
ride,4,5,9
riders,1,1,2
rides,0,2,2
ridge,1,2,3
ridiclious,0,1,1
ridicul,0,1,1
ridicule,0,1,1
ridiculous,81,34,115
ridiculously,15,4,19
riding,0,1,1
riehl,0,1,1
rifle,1,0,1
rifles,1,0,1
rig,6,6,12
rigged,87,51,138
riggedelection,0,1,1
riggedsystem,1,1,2
rigging,4,0,4
riggleman,0,1,1
righ,1,1,2
right,188,369,557
righteous,1,4,5
rightful,1,1,2
rightfully,4,0,4
rightly,0,2,2
rightman,0,1,1
rightnow,0,1,1
rights,27,29,56
righttotry,1,3,4
rightvote,0,1,1
riley,2,1,3
rimi,3,3,6
ring,4,14,18
ringing,0,1,1
ringl,0,1,1
ringling,1,0,1
rings,1,0,1
rink,1,3,4
rino,4,7,11
rinos,1,2,3
rinse,0,1,1
rio,0,4,4
riot,0,4,4
riote,1,0,1
rioters,6,4,10
rioting,5,2,7
riots,10,5,15
riotscompare,0,1,1
rip,11,3,14
ripa,0,1,1
ripcharliedaniels,1,0,1
ripe,1,2,3
ripevelyn,1,0,1
ripoff,3,2,5
ripoffs,0,1,1
ripp,1,0,1
ripped,17,3,20
ripping,13,8,21
riprimary,0,2,2
rips,6,1,7
risch,0,1,1
rise,9,14,23
riseno,1,0,1
rises,1,6,7
rising,9,12,21
risk,12,33,45
risked,0,2,2
risking,0,3,3
rispone,0,1,1
ritchie,0,1,1
rival,1,8,9
rivals,1,3,4
rivas,0,1,1
rive,0,7,7
rivera,0,8,8
riverfront,0,1,1
rivers,2,23,25
riverside,0,1,1
riveting,0,1,1
riviera,0,2,2
rivkees,0,1,1
rivkin,1,2,3
rivlin,3,0,3
riyadh,0,2,2
riyadhsummit,0,2,2
rjc,1,0,1
rld,0,1,1
rn,0,1,1
rnc,16,16,32
rncincle,1,14,15
ro,0,1,1
road,4,10,14
roadblocks,2,0,2
roadmap,0,1,1
roads,6,8,14
roadshow,0,1,1
roadside,1,0,1
roam,0,1,1
roaming,0,1,1
roanoke,0,5,5
roaring,3,10,13
roars,1,1,2
roarwatch,0,1,1
roast,0,1,1
rob,1,4,5
robartsarena,1,0,1
robbed,5,2,7
robbery,1,0,1
robbing,3,1,4
robby,0,1,1
robe,43,53,96
robertmuelle,0,1,1
roberts,5,12,17
robertson,0,3,3
robeson,0,1,1
robin,0,1,1
robinson,1,1,2
robocall,0,1,1
robot,1,0,1
robotrubio,0,1,1
robust,2,4,6
roby,0,2,2
roche,0,1,1
rocheste,1,3,4
rock,9,23,32
rocke,1,0,1
rocked,0,7,7
rockefelle,0,2,2
rocket,8,11,19
rocketing,1,0,1
rocketry,0,1,1
rockets,2,4,6
rockettes,0,1,1
rockin,1,1,2
rocking,0,2,2
rockingham,0,1,1
rocks,0,8,8
rocky,1,9,10
rod,7,9,16
rode,0,1,1
rodent,1,0,1
rodgers,0,1,1
rodham,0,1,1
rodolfo,3,0,3
rodriguez,1,0,1
roe,0,1,1
roff,0,1,1
rofl,0,1,1
rogan,1,3,4
roge,22,22,44
rogerailes,0,1,1
rogers,0,2,2
rogerstone,1,1,2
rogue,9,9,18
rohrabache,0,2,2
rok,0,2,2
rol,0,1,1
role,1,32,33
rolemodel,1,0,1
roleread,1,0,1
roles,0,1,1
roll,3,16,19
rolled,1,1,2
rolling,2,19,21
rollingtoremembe,0,1,1
rollins,2,2,4
rollout,1,4,5
rolls,0,4,4
rolltide,0,2,2
rome,0,1,1
romney,53,33,86
romneyromney,1,0,1
romneywho,2,0,2
ron,8,25,33
ronald,13,22,35
rone,1,0,1
ronna,1,1,2
ronnebeck,2,0,2
ronny,0,17,17
rood,0,1,1
roof,4,7,11
roofs,0,1,1
rooftop,0,1,1
room,19,39,58
rooms,1,7,8
roosevelt,2,6,8
root,3,7,10
rooted,0,1,1
rooting,2,10,12
roots,0,7,7
rorke,0,1,1
rorschach,1,0,1
rory,0,2,2
rosas,3,0,3
rose,4,31,35
roseanne,3,1,4
roseburg,1,0,1
rosemary,0,1,1
rosenberg,0,1,1
rosendale,0,7,7
rosenstein,8,13,21
rosensteins,0,1,1
rosh,0,3,3
rosie,3,4,7
rosieodonnell,1,0,1
ross,5,6,11
rossell,0,1,1
rossello,0,2,2
roste,1,0,1
rothfus,1,4,5
rots,1,0,1
rotten,3,1,4
rouge,1,4,5
rough,4,2,6
roughly,2,3,5
rouhani,2,1,3
round,3,20,23
rounded,0,1,1
rounds,3,3,6
roundtable,0,16,16
rourke,4,2,6
rousing,0,1,1
rout,1,0,1
route,1,6,7
routes,1,1,2
routine,2,2,4
routinely,3,2,5
rove,7,7,14
roving,1,0,1
row,4,4,8
rowanne,2,3,5
rows,0,1,1
roy,6,14,20
royal,0,6,6
royalty,0,1,1
roye,0,1,1
rs,0,1,1
rtm,0,2,2
ru,0,2,2
rubbe,0,1,1
rubin,3,0,3
rubio,66,90,156
rubios,1,0,1
rubs,1,0,1
rude,4,2,6
rudely,0,1,1
rudy,2,9,11
rugged,0,1,1
rugs,0,1,1
ruiling,1,0,1
ruin,8,1,9
ruined,9,0,9
ruining,2,5,7
ruins,3,1,4
rule,20,47,67
ruled,8,5,13
rulers,0,1,1
rules,11,47,58
ruleswednesday,1,0,1
ruling,6,6,12
rulings,2,1,3
rummaging,0,1,1
rumo,9,1,10
rumors,0,3,3
rumsfeld,1,1,2
run,174,411,585
runand,1,0,1
runaway,1,1,2
rundonaldrun,0,1,1
runforprez,0,1,1
runjohnnyrun,0,1,1
runne,2,7,9
runners,1,2,3
runnig,0,1,1
runnin,1,0,1
running,83,197,280
runnot,0,1,1
runoff,3,17,20
runs,12,32,44
runtrump,0,1,1
runtrumprun,1,0,1
runways,0,1,1
runyan,0,1,1
rupe,1,2,3
rupublicans,0,1,1
rural,1,9,10
ruralprosperity,0,1,1
rus,0,1,1
rush,10,27,37
rushbo,0,1,1
rushed,6,5,11
rushing,1,1,2
rushlimbaugh,0,1,1
rushmore,1,5,6
russ,0,2,2
russell,1,0,1
russi,1,0,1
russia,234,252,486
russiagate,1,4,5
russian,74,91,165
russianbounty,1,2,3
russians,22,24,46
russiansin,0,1,1
russiarussia,1,0,1
rust,1,1,2
ruta,0,1,1
ruth,2,1,3
ruthless,0,2,2
rutte,0,1,1
rv,2,0,2
rwanda,0,1,1
rx,1,2,3
rxsummit,0,2,2
ryan,15,25,40
ryanai,0,1,1
rygoku,0,1,1
sa,2,5,7
saad,0,1,1
saavy,0,1,1
sabah,0,4,4
saban,0,1,1
sabato,0,1,1
sabine,0,1,1
sabotage,0,6,6
sac,0,1,1
saccone,0,5,5
sachs,8,0,8
sack,1,0,1
sacramento,0,2,2
sacred,4,15,19
sacrifice,2,25,27
sacrificed,0,4,4
sacrifices,0,7,7
sad,188,2,190
sadde,1,0,1
saddened,8,1,9
saddest,1,0,1
saddled,1,0,1
sadiq,1,1,2
sadique,0,1,1
sadistic,0,1,1
sadle,0,1,1
sadly,46,4,50
sadness,1,1,2
saf,0,2,2
safari,0,1,1
safe,34,214,248
safeguard,0,5,5
safeguarding,0,1,1
safely,2,18,20
safest,1,2,3
safety,48,85,133
safi,1,0,1
saga,1,0,1
sai,0,2,2
said,406,325,731
sailed,1,0,1
sailo,2,2,4
sailors,7,7,14
saint,1,6,7
saints,1,2,3
sake,1,4,5
salacious,2,1,3
salah,1,0,1
salaries,2,7,9
salary,3,5,8
sale,4,17,21
salem,0,1,1
salena,0,1,1
sales,2,15,17
salesman,0,1,1
salesmen,0,1,1
salient,1,0,1
sally,1,6,7
salman,1,3,4
salon,0,3,3
salons,0,1,1
salt,4,4,8
salute,1,26,27
salutes,0,3,3
salutetoamerica,0,7,7
salvado,4,7,11
salvage,1,0,1
salvageable,1,0,1
salvaged,0,1,1
sam,0,11,11
samantha,2,0,2
sammy,0,2,2
sammys,0,1,1
samoa,1,0,1
sample,0,2,2
sampling,1,0,1
samsung,2,1,3
samurai,1,0,1
san,18,37,55
sanchez,0,2,2
sanctimonious,0,2,2
sanctimoniously,1,0,1
sanction,0,2,2
sanctions,34,16,50
sanctity,1,2,3
sanctuaries,0,1,1
sanctuary,29,31,60
sand,2,2,4
sande,1,0,1
sanders,85,27,112
sandman,2,0,2
sandmann,0,2,2
sandra,0,1,1
sands,0,1,1
sandy,4,0,4
sane,2,4,6
sanford,3,5,8
sanitary,1,0,1
sanitize,1,1,2
sanity,0,2,2
santa,2,3,5
santilli,0,1,1
santorum,0,1,1
santos,0,1,1
sanz,0,1,1
saphie,0,1,1
sara,1,4,5
sarah,4,14,18
sarasota,3,6,9
sarcasm,1,1,2
sarcastic,0,1,1
sars,1,0,1
sass,1,0,1
sasse,0,2,2
sat,7,11,18
satellite,1,0,1
satellites,1,0,1
satirical,2,0,2
satisfa,0,1,1
satisfaction,0,1,1
satisfied,2,9,11
satisfy,3,3,6
saturday,15,80,95
saturdaynightlive,0,1,1
saturdays,0,1,1
sau,1,0,1
saucie,1,1,2
saudi,17,32,49
saudiaarabia,0,1,1
saudiarabia,0,1,1
saudis,0,2,2
saugus,1,0,1
sav,0,1,1
savage,1,5,6
savaged,1,0,1
savagery,0,1,1
savages,1,0,1
savannah,0,1,1
save,32,106,138
saveamericanlives,0,1,1
saveculzean,1,0,1
saved,17,43,60
savedthe,1,0,1
savenyc,1,0,1
saveoursouls,0,1,1
saves,0,2,2
savesaeed,1,0,1
savesksocial,0,1,1
saving,8,16,24
savings,1,4,5
savio,0,3,3
savvy,0,6,6
savy,0,1,1
saw,31,53,84
say,155,272,427
saydonald,0,1,1
saying,101,106,207
says,127,152,279
sb,0,2,2
sba,1,1,2
sbagala,0,1,1
sbesthotel,0,1,1
sc,10,38,48
sca,0,1,1
scale,18,20,38
scalia,2,1,3
scalise,2,2,4
scalpel,0,1,1
scam,88,48,136
scamme,1,0,1
scammed,2,0,2
scamming,1,2,3
scampering,1,0,1
scams,0,2,2
scan,1,0,1
scand,0,1,1
scandal,36,36,72
scandalit,0,1,1
scandalous,0,1,1
scandals,4,3,7
scanne,1,0,1
scape,0,1,1
scaramucci,4,1,5
scarborough,8,7,15
scare,3,0,3
scarecrows,0,1,1
scared,9,6,15
scares,2,1,3
scarf,1,0,1
scary,6,2,8
scathing,1,3,4
scatte,0,1,1
scattershot,1,0,1
scenario,2,0,2
scenarios,0,2,2
scene,7,12,19
scenes,1,7,8
scfa,0,1,1
scguard,0,1,1
schapiro,0,1,1
schedule,9,18,27
scheduled,7,11,18
scheduling,1,0,1
scheels,0,1,1
schelle,0,1,1
scheme,6,11,17
schemes,2,0,2
scheming,1,0,1
schiff,188,206,394
schiffs,0,3,3
schiffshow,0,4,4
schiffty,1,0,1
schilling,0,2,2
schitt,1,1,2
schlafly,2,5,7
schlapp,0,3,3
schlonged,3,3,6
schmidt,1,1,2
schneiderman,2,4,6
schoen,0,2,2
schola,1,2,3
scholars,1,2,3
scholarship,1,0,1
scholarships,0,1,1
schoo,1,0,1
school,34,48,82
schoolchoice,1,2,3
schoolchoicenow,1,0,1
schools,19,18,37
schreckenge,1,0,1
schtick,0,1,1
schuette,0,2,2
schultz,6,6,12
schume,61,65,126
schumerite,0,1,1
schumers,1,0,1
schumershutdown,1,1,2
schumio,0,1,1
schwarzenegge,3,0,3
schweize,0,3,3
science,3,2,5
sciences,0,1,1
scientific,1,2,3
scientist,2,1,3
scientists,0,8,8
scif,1,1,2
scjs,0,1,1
sco,1,0,1
scoffed,0,1,1
scolded,1,0,1
scolds,0,1,1
scope,2,8,10
scorches,0,1,1
score,5,11,16
scorecard,0,2,2
scored,2,0,2
scoring,2,0,2
scorn,1,0,1
scorned,2,3,5
scorsese,0,1,1
scotch,0,1,1
scotland,8,23,31
scott,15,61,76
scottie,0,1,1
scottish,0,1,1
scottwalke,0,1,1
scotty,0,1,1
scotus,4,6,10
scourge,2,4,6
scprimary,1,6,7
scrambling,1,1,2
scranton,0,4,4
scrap,1,0,1
scrape,0,1,1
scrapping,0,1,1
scraps,0,1,1
scratch,0,1,1
scratched,1,0,1
scream,5,4,9
screamed,2,0,2
screamers,2,0,2
screaming,5,4,9
screams,4,1,5
screeching,0,1,1
screen,0,2,2
screened,0,1,1
screening,0,5,5
screenings,0,1,1
screens,0,4,4
screw,4,3,7
screwed,4,1,5
screwing,2,1,3
screws,2,0,2
screwup,1,0,1
script,2,1,3
scripted,3,0,3
scripts,1,0,1
scrubbed,1,1,2
scrum,0,1,1
scrutin,1,0,1
scrutinized,0,1,1
scrutinizing,0,1,1
scrutiny,1,1,2
scteaparty,1,1,2
sculpted,0,1,1
sculptures,0,1,1
scum,3,3,6
scumbag,0,1,1
sdal,0,1,1
sderlund,0,1,1
sdsen,0,1,1
se,5,4,9
sea,3,3,6
seahawks,0,1,1
seal,5,8,13
sealed,0,2,2
sealing,0,1,1
seals,0,1,1
seaman,0,1,1
seamstress,0,1,1
sean,2,27,29
seanhannity,0,1,1
search,14,9,23
searched,0,2,2
searches,0,1,1
searching,2,2,4
season,18,86,104
seasons,0,3,3
seat,8,23,31
seating,1,0,1
seats,11,4,15
seattle,10,8,18
seattles,0,1,1
sebastian,1,3,4
sec,2,13,15
secon,1,0,1
second,44,174,218
secondamendment,0,2,2
secondly,0,1,1
seconds,1,5,6
secrecy,0,2,2
secret,19,35,54
secretaries,0,4,4
secretary,18,128,146
secretive,0,1,1
secretly,6,5,11
secrets,2,1,3
secstate,0,1,1
sect,0,2,2
section,6,10,16
sections,4,10,14
secto,2,18,20
sector,0,1,1
sectors,1,0,1
secu,1,0,1
secure,15,40,55
secured,4,15,19
secureourborde,1,0,1
secures,1,2,3
securing,5,21,26
security,188,262,450
securityisis,1,0,1
securiy,1,0,1
secy,3,1,4
sedition,1,0,1
seditious,1,2,3
seed,0,1,1
seeing,24,81,105
seek,6,12,18
seekers,2,0,2
seeking,3,15,18
seeks,0,6,6
seema,0,1,1
seemingly,2,4,6
seen,69,129,198
sees,2,11,13
segment,1,8,9
segments,1,0,1
segregation,0,1,1
segregationists,1,0,1
seguridad,0,1,1
seguro,0,1,1
seige,0,1,1
seize,2,1,3
seized,4,3,7
seizes,0,1,1
seizing,0,2,2
seizure,0,1,1
seizures,0,2,2
sekulow,0,3,3
seldom,11,9,20
selec,0,1,1
select,0,1,1
selected,1,6,7
selecting,0,1,1
selection,3,3,6
selections,0,1,1
selective,2,1,3
selectively,2,1,3
self,15,39,54
selfcentered,0,1,1
selfies,1,0,1
selfish,2,0,2
selfishly,0,1,1
selfless,1,3,4
selflessly,0,3,3
sell,27,15,42
selle,0,7,7
sellers,1,1,2
selling,3,15,18
sellout,0,1,1
sellouts,1,0,1
sells,5,3,8
selma,0,1,1
semeste,0,1,1
semi,1,0,1
semifinalist,0,1,1
semite,5,1,6
semitic,4,2,6
semitism,7,1,8
semnan,1,0,1
semonite,0,1,1
sempe,0,3,3
semperfi,0,1,1
sempra,0,1,1
sen,18,40,58
sena,0,1,1
senate,183,281,464
senato,80,189,269
senatorial,1,0,1
senators,29,44,73
send,40,40,80
sending,15,28,43
sendrow,0,1,1
sends,7,4,11
senio,10,17,27
seniors,4,12,16
senjohnmccain,0,1,1
sens,0,2,2
sensation,1,2,3
sensational,0,3,3
sense,17,42,59
senseless,0,3,3
senselessly,1,1,2
sensenbrenne,0,2,2
senses,1,3,4
sensitive,2,3,5
sent,33,31,64
sente,0,1,1
sentence,11,13,24
sentenced,2,1,3
sentences,2,2,4
sentencing,0,2,2
sentiment,0,4,4
sentinel,0,1,1
sep,1,0,1
separate,3,5,8
separated,2,4,6
separately,4,2,6
separates,0,3,3
separating,1,0,1
separation,3,1,4
separato,0,1,1
seperation,1,1,2
sept,1,4,5
septembe,13,28,41
sequel,0,4,4
sequeste,0,1,1
serbia,0,1,1
sergeant,1,5,6
sergei,1,0,1
sergey,0,1,1
sergio,0,3,3
serial,0,2,2
series,3,12,15
seriously,20,22,42
serv,0,2,2
servant,1,3,4
servants,2,0,2
serve,45,55,100
served,2,41,43
servers,2,3,5
serves,3,4,7
service,23,114,137
serviceman,2,0,2
servicemembers,0,3,3
servicemen,2,3,5
services,7,23,30
servin,0,1,1
serving,9,21,30
servingarvets,0,1,1
sessio,1,0,1
session,4,13,17
sessions,24,18,42
sesta,0,1,1
set,41,91,132
setback,3,2,5
seth,2,0,2
sets,2,7,9
setting,18,44,62
settings,0,1,1
settle,1,3,4
settled,4,9,13
settlemen,0,1,1
settlement,1,1,2
settles,0,1,1
settling,1,0,1
setup,4,4,8
seve,1,0,1
seven,8,13,21
seventy,0,1,1
severe,4,2,6
severely,2,3,5
severino,0,1,1
severly,1,0,1
sewe,1,0,1
sewlwkn,0,1,1
sex,1,2,3
sexiest,0,2,2
sexism,0,2,2
sexist,1,2,3
sexton,0,1,1
sexual,2,5,7
sexy,1,1,2
sf,0,2,2
sg,0,1,1
sga,1,0,1
sgt,2,11,13
sh,3,3,6
sha,0,1,1
shabaab,0,2,2
shabbab,1,0,1
shackles,1,1,2
shade,0,1,1
shadey,1,0,1
shadow,1,4,5
shadows,0,1,1
shady,3,3,6
shaffe,0,1,1
shafted,2,0,2
shahira,0,1,1
shake,3,6,9
shaken,1,0,1
shakes,1,0,1
shaking,1,2,3
shaky,0,1,1
shaleinsight,0,2,2
shall,1,5,6
sham,26,39,65
shambles,2,0,2
shame,26,4,30
shameful,6,6,12
shameless,0,1,1
shamelessly,0,1,1
shamers,0,1,1
shamimpeachment,2,0,2
shamlive,0,1,1
shampeachment,1,0,1
shampoo,0,1,1
shamrock,0,1,1
shamtonight,1,0,1
shana,0,1,1
shanahan,0,3,3
shanksville,0,1,1
shape,9,18,27
shaped,0,4,4
shapes,0,3,3
shaping,1,3,4
shapiro,1,0,1
share,8,30,38
shared,2,7,9
shares,1,6,7
sharing,2,12,14
shark,0,1,1
sharktank,0,1,1
sharktanknation,0,1,1
sharp,2,3,5
sharpe,0,2,2
sharply,0,1,1
sharpton,2,3,5
sharyl,0,2,2
shatte,1,1,2
shattered,4,1,5
shattering,0,4,4
shatters,1,0,1
shaun,0,1,1
shaw,0,2,2
shawn,1,8,9
shay,0,1,1
shed,1,2,3
shee,0,7,7
sheep,0,2,2
sheet,1,4,5
sheikh,0,1,1
sheila,0,1,1
shelby,0,1,1
sheldon,0,3,3
sheldonadelson,0,1,1
shelf,1,0,1
shell,1,2,3
shellaced,1,0,1
shellacked,1,1,2
shelley,0,4,4
shelly,1,0,1
shelt,0,1,1
shelte,4,7,11
shelter,1,0,1
sheltered,0,1,1
sheltering,0,1,1
shelters,3,3,6
shelton,0,2,2
shelv,0,1,1
shelves,0,1,1
shenanigans,0,1,1
shenzhen,1,0,1
shep,5,0,5
shepard,0,3,3
shepherd,1,0,1
shepherding,0,1,1
sheriff,4,9,13
sheriffc,1,0,1
sheriffs,2,5,7
sherrod,1,0,1
shes,5,6,11
shi,1,3,4
shield,0,3,3
shielded,0,1,1
shift,1,2,3
shifted,1,1,2
shifting,1,0,1
shifty,36,21,57
shiftyschiff,0,1,1
shill,1,0,1
shills,1,1,2
shimon,1,0,1
shin,0,1,1
shine,2,4,6
shines,1,0,1
shining,0,6,6
shinz,0,2,2
shinzo,0,4,4
ship,14,10,24
shipbuilding,0,1,1
shipment,1,2,3
shipped,6,2,8
shipping,3,1,4
ships,5,4,9
shipyard,0,1,1
shirts,0,2,2
shit,2,4,6
shitty,2,1,3
shld,0,1,1
sho,22,45,67
shock,1,6,7
shocke,2,0,2
shocked,3,2,5
shocking,6,5,11
shockingl,1,0,1
shockingly,2,0,2
shoddy,1,0,1
shoe,0,2,2
shoebiz,1,0,1
shoes,2,3,5
shoke,0,1,1
shokin,0,1,1
shoo,0,1,1
shook,1,1,2
shoot,1,7,8
shoote,11,9,20
shooters,2,0,2
shooting,29,18,47
shootings,13,7,20
shootout,2,1,3
shoots,1,2,3
shop,4,14,18
shoplifting,3,0,3
shopped,0,2,2
shopping,4,7,11
shopsmall,0,1,1
shore,2,1,3
shores,0,2,2
shortage,1,1,2
shortcomings,1,1,2
shortening,1,0,1
shortest,1,0,1
shortly,4,53,57
shot,38,28,66
shots,9,2,11
shotty,0,1,1
shou,0,1,1
shoul,0,1,1
shoulde,0,4,4
shouldered,0,1,1
shouldn,12,18,30
shouldnt,7,3,10
shout,1,7,8
shouted,1,1,2
shouting,5,1,6
shoutout,0,2,2
shouts,0,1,1
shove,0,1,1
shoved,1,0,1
showbiz,1,0,1
showcase,0,4,4
showcased,1,0,1
showdavid,1,0,1
showe,0,1,1
showed,20,26,46
showering,0,1,1
showing,15,37,52
showings,0,1,1
showjumping,0,1,1
shown,15,17,32
shows,62,93,155
showthen,1,0,1
showtrial,1,1,2
shrank,1,0,1
shred,0,2,2
shredded,2,3,5
shredding,0,1,1
shreds,1,4,5
shrink,1,0,1
shrugs,0,1,1
shrunk,1,0,1
shucks,1,0,1
shud,1,0,1
shudn,0,1,1
shuette,0,1,1
shulkin,0,2,2
shultz,0,1,1
shure,0,2,2
shut,27,15,42
shutdown,35,21,56
shutdowns,2,1,3
shuts,2,0,2
shuttered,0,1,1
shutting,5,1,6
shuttle,0,1,1
shy,0,1,1
si,6,43,49
siblings,0,1,1
sicem,0,1,1
sick,65,8,73
sickening,0,2,2
sickness,2,1,3
sicko,1,2,3
sid,1,0,1
sidbury,1,0,1
sided,14,17,31
sidekick,1,1,2
sidelined,0,1,1
sidelines,1,0,1
sidelining,1,0,1
sides,8,14,22
sidetrack,0,1,1
sidewalk,1,0,1
sidewalks,2,0,2
sidney,0,4,4
siege,6,10,16
siento,0,1,1
sig,0,6,6
sigh,1,0,1
sight,6,3,9
sighting,1,0,1
sightings,0,1,1
sights,2,1,3
sign,17,66,83
signa,1,1,2
signage,1,0,1
signal,4,2,6
signalers,0,1,1
signals,4,1,5
signatories,1,0,1
signature,0,9,9
signatures,1,2,3
signed,42,113,155
signedpresident,0,1,1
significance,0,4,4
significant,12,14,26
significantly,5,1,6
signing,6,55,61
signings,0,1,1
signs,6,22,28
sigue,0,1,1
siguiente,0,1,1
sikhs,0,2,2
sikorsky,0,2,2
silence,5,7,12
silenced,2,1,3
silencing,2,1,3
silent,13,30,43
silentmajority,1,1,2
silentwarriors,1,0,1
silicon,0,1,1
silk,1,3,4
silly,1,1,2
silve,2,2,4
simi,0,1,1
simila,5,8,13
similar,0,1,1
similarly,0,1,1
simon,0,2,2
simple,18,43,61
simpletruth,1,0,1
simplicity,0,1,1
simplify,0,1,1
simplifying,1,1,2
simplistic,1,0,1
simply,12,29,41
simpson,7,9,16
sims,1,1,2
simultaneous,0,1,1
simultaneously,1,2,3
sin,2,1,3
sincerely,2,3,5
sincerest,0,1,1
sincerity,0,2,2
sinclai,3,2,5
sinema,1,2,3
sing,0,1,1
singapore,7,11,18
singaporesummit,0,2,2
singe,1,0,1
singing,0,2,2
single,23,35,58
singlehandedly,1,0,1
singula,1,0,1
siniste,2,6,8
sink,4,1,5
sinkhole,0,1,1
sinking,1,1,2
sins,1,2,3
sioux,0,5,5
sir,0,3,3
siri,0,4,4
sirisena,1,0,1
sirius,0,1,1
siriusxm,0,1,1
sisi,0,4,4
siste,1,5,6
sisters,0,1,1
sit,15,17,32
sitcom,0,1,1
site,7,23,30
sites,5,11,16
sits,5,3,8
sitters,1,0,1
sitti,0,1,1
sitting,5,11,16
situated,0,3,3
situation,52,28,80
situationroom,0,1,1
situations,1,1,2
siu,0,1,1
sixteen,1,1,2
sixth,0,2,2
size,5,10,15
sizes,1,2,3
sizin,0,1,1
sizzling,0,1,1
skate,2,0,2
skeered,0,1,1
skeletons,1,1,2
skeptical,1,1,2
skepticism,0,1,1
sketch,0,2,2
skies,0,1,1
skill,0,9,9
skilled,0,1,1
skills,2,14,16
skimming,1,0,1
skin,1,2,3
skinny,0,3,3
skippe,0,1,1
skipping,2,1,3
skirmish,1,0,1
skirmishes,0,2,2
skit,0,2,2
skorea,0,1,1
sky,4,7,11
skyfall,1,0,1
skylight,0,1,1
skyline,0,6,6
skype,0,2,2
skyrocket,1,2,3
skyrocketed,0,2,2
skyrocketing,0,1,1
skyscrape,0,1,1
skyscrapers,0,1,1
skytree,0,1,1
slabinski,0,1,1
slackers,0,1,1
slam,2,4,6
slammed,7,1,8
slamming,1,1,2
slams,9,12,21
slande,2,1,3
slanted,3,2,5
slaoui,1,0,1
slap,1,0,1
slapped,0,2,2
slash,0,2,2
slashing,0,1,1
slat,0,1,1
slate,2,2,4
slats,2,0,2
slaughte,3,4,7
slaughtered,1,2,3
slave,1,1,2
slavery,1,1,2
slayed,0,1,1
sleaze,3,1,4
sleazebag,4,3,7
sleazy,3,3,6
sledgehamme,2,0,2
sleep,7,11,18
sleeping,1,1,2
sleeps,0,2,2
sleepy,89,40,129
sleepycreepy,1,0,1
sleepyeyes,1,2,3
sleepyjoe,0,1,1
sleeves,1,0,1
slept,1,0,1
slick,0,1,1
slide,1,3,4
slides,0,1,1
slight,3,0,3
slightest,0,1,1
slightly,0,3,3
slim,1,1,2
slime,3,0,3
slimeball,1,0,1
slimy,1,1,2
slinging,0,1,1
slinked,1,0,1
slippery,5,0,5
slipping,0,1,1
slips,0,2,2
slithers,0,1,1
sliwa,0,1,1
slo,0,1,1
sloan,0,1,1
slob,1,0,1
slog,0,1,1
slogan,3,9,12
sloppiest,0,1,1
sloppy,11,1,12
slot,5,1,6
slotkin,0,2,2
slots,0,1,1
slovak,0,1,1
slow,22,17,39
slowdown,2,0,2
slowe,2,0,2
slowed,1,2,3
slowest,3,3,6
slowing,2,4,6
slowly,7,4,11
slows,1,0,1
slowthespread,0,2,2
slowwalke,0,1,1
slum,0,1,1
slumming,0,1,1
slush,0,1,1
slv,1,0,1
sm,1,0,1
sma,66,118,184
smack,0,1,1
small,69,120,189
smallbi,1,0,1
smallbiz,0,3,3
smallbusin,0,1,1
smallbusiness,1,0,1
smallbusinessrelief,0,1,1
smallbusinesssaturday,0,1,1
smalle,4,7,11
smallest,2,0,2
smart,2,1,3
smarte,12,14,26
smartest,3,8,11
smartly,1,0,1
smartnews,0,1,1
smarts,3,4,7
smash,3,2,5
smashed,2,1,3
smashing,0,1,1
smea,6,4,10
smeared,1,0,1
smearing,1,2,3
smears,1,4,5
smell,0,1,1
smh,0,1,1
smile,0,4,4
smiled,2,1,3
smiles,0,1,1
smiley,0,1,1
smiling,0,4,4
smith,7,12,19
smithsonian,0,1,1
smithy,1,0,1
smocking,2,3,5
smoke,1,1,2
smokes,0,1,1
smokey,0,1,1
smoking,1,2,3
smollett,1,2,3
smooth,3,3,6
smoothe,0,2,2
smoothly,3,4,7
smucke,0,3,3
smuggled,3,1,4
smugglers,1,4,5
smuggling,0,2,2
snake,1,0,1
snakes,2,1,3
snap,2,0,2
snatch,0,1,1
snd,0,1,1
snead,0,2,2
sneak,1,4,5
sneaky,1,0,1
sneers,0,1,1
snf,0,1,1
snhu,0,1,1
snhuarena,0,1,1
snipe,2,0,2
snipes,1,1,2
snippet,0,1,1
snipping,0,1,1
snl,5,28,33
snooze,0,1,1
snow,4,6,10
snowflakegardenbrunch,0,1,1
snowflakes,1,0,1
snowmageddon,1,0,1
snowman,1,0,1
sns,0,1,1
snubbing,0,1,1
snuck,1,0,1
soa,2,3,5
soaking,1,0,1
soared,1,0,1
soaring,2,7,9
soars,0,5,5
sobbingly,1,0,1
sobe,0,1,1
sobering,0,1,1
sobre,0,1,1
soc,1,0,1
socce,4,8,12
socia,0,1,1
social,30,79,109
socialdistancing,0,1,1
socialism,6,17,23
socialismo,1,0,1
socialist,9,23,32
socialists,8,5,13
socially,2,0,2
socialmediasummit,1,6,7
society,3,14,17
sodasbeing,1,0,1
sofa,1,0,1
soft,8,3,11
softball,4,2,6
softballs,0,1,1
softbank,0,1,1
softe,0,1,1
sohrab,0,1,1
soi,0,1,1
soil,1,8,9
sol,1,3,4
solberg,0,1,1
sold,28,13,41
soldie,5,3,8
soldierridedc,0,1,1
soldiers,20,23,43
sole,0,4,4
soleim,0,1,1
soleimani,12,13,25
solely,2,2,4
solemani,0,1,1
solemn,3,6,9
solemnly,0,2,2
solicito,0,1,1
solid,2,13,15
solidarity,0,9,9
solide,0,1,1
solidify,1,1,2
solitary,4,0,4
soloman,0,1,1
solomon,2,4,6
solution,6,20,26
solutions,7,16,23
solve,12,29,41
solved,3,6,9
solves,1,2,3
solving,1,4,5
som,0,1,1
somali,1,1,2
somalia,3,1,4
sombe,2,2,4
somebody,20,19,39
someday,5,10,15
someo,1,1,2
someonepunchgeraldo,0,1,1
someplace,1,2,3
somerset,0,1,1
somethingspecialishappening,0,1,1
somewhat,4,8,12
somolia,1,0,1
son,31,42,73
sondland,9,11,20
song,0,10,10
songs,0,2,2
songwriters,0,1,1
sonny,0,1,1
sons,0,5,5
soo,0,1,1
soon,78,267,345
soone,7,3,10
sooo,21,13,34
soooo,11,13,24
sooooo,2,3,5
soooooo,1,0,1
sophie,0,1,1
sophisticated,5,2,7
sore,1,0,1
sorely,1,1,2
sorial,0,1,1
soros,1,2,3
sorrow,1,1,2
sorry,44,22,66
sorts,5,3,8
sorvino,0,1,1
sostuvimos,0,1,1
sotomayo,1,1,2
sotu,10,13,23
sou,0,2,2
sought,3,9,12
soul,1,8,9
souls,2,2,4
sound,20,14,34
soundcloud,1,0,1
sounded,2,3,5
sounding,0,2,2
soundly,3,1,4
sounds,7,16,23
source,23,21,44
sourced,1,1,2
sources,58,37,95
sourpuss,0,1,1
sousa,0,2,2
south,37,192,229
southafrican,0,1,1
southcarolina,0,1,1
southcarolinaprimary,0,1,1
southcom,0,1,1
southcoms,0,1,1
southe,1,0,1
southeast,1,1,2
southeastern,1,2,3
southern,75,109,184
southernbaptist,0,1,1
southerne,0,2,2
southpo,0,1,1
southwest,0,4,4
souveni,0,1,1
souza,0,1,1
sovereign,0,3,3
sovereignty,1,4,5
soviet,1,2,3
sow,1,0,1
sox,0,1,1
soy,2,0,2
soybe,1,0,1
soybeans,2,2,4
sp,0,4,4
spa,0,7,7
space,4,37,41
spacecraft,0,1,1
spaces,0,1,1
spacewalk,0,1,1
spacex,0,2,2
spade,0,2,2
spain,2,3,5
spakovsky,0,1,1
span,2,8,10
spangled,0,2,2
spanish,1,0,1
spare,2,4,6
spared,0,2,2
sparking,0,1,1
sparks,0,4,4
spartanburg,0,1,1
spas,0,1,1
spate,1,0,1
speach,0,1,1
speak,32,86,118
speake,44,41,85
speakerphone,1,0,1
speakers,0,3,3
speakership,2,1,3
speaking,21,83,104
speaks,8,37,45
spec,0,1,1
special,49,174,223
specialcounsel,0,1,1
specialneeds,0,1,1
specialrepo,0,1,1
species,0,1,1
specific,4,8,12
specifically,1,3,4
specifications,0,1,1
specifics,0,1,1
specify,0,1,1
spectacle,0,2,2
spectacula,3,29,32
spectacular,0,1,1
spectrum,0,3,3
speculate,1,0,1
speculating,1,0,1
speculation,1,2,3
speculative,0,1,1
speech,71,189,260
speeches,13,13,26
speechless,0,2,2
speechpacked,0,1,1
speechwrite,1,0,1
speed,3,20,23
speeding,0,1,1
speedy,4,3,7
spell,2,2,4
spelled,1,1,2
spence,0,6,6
spend,18,31,49
spending,52,57,109
spends,4,5,9
spent,75,54,129
sperry,1,0,1
spew,1,0,1
spewed,1,1,2
spewing,3,3,6
spews,3,1,4
spice,0,5,5
spied,18,20,38
spielberg,0,1,1
spies,3,8,11
spike,1,2,3
spiked,1,0,1
spikes,2,0,2
spill,0,2,2
spilled,1,1,2
spin,5,11,16
spine,2,0,2
spineless,0,1,1
spinning,1,1,2
spinnnn,1,0,1
spiral,4,2,6
spirit,9,56,65
spirited,0,2,2
spirits,1,3,4
spit,1,1,2
spite,1,2,3
splash,0,1,1
splashes,0,1,1
splashy,0,1,1
splintering,0,1,1
split,2,2,4
spluttering,0,1,1
spo,0,8,8
spoile,2,2,4
spoiled,3,0,3
spoilers,0,1,1
spokane,0,2,2
spoke,54,95,149
spoken,10,10,20
spokesman,1,1,2
spokesmen,1,0,1
spokesperson,1,0,1
spokeswoman,0,1,1
sponso,2,2,4
sponsored,2,0,2
sponsoring,1,0,1
sponsors,1,0,1
spontaneous,3,0,3
spontaneously,1,0,1
spoon,1,0,1
sporting,1,1,2
sports,3,14,17
sportsmanship,0,1,1
spot,6,9,15
spotlight,1,2,3
spots,1,2,3
spotted,1,2,3
spouse,0,1,1
spouses,1,7,8
sprea,0,1,1
spread,11,38,49
spreading,10,9,19
spring,1,5,6
springfield,1,7,8
springs,0,12,12
sprint,0,2,2
spruill,1,0,1
spu,0,2,2
spurs,0,1,1
sputtering,1,0,1
spy,17,37,54
spygate,7,13,20
spyin,1,0,1
spying,14,19,33
squad,5,7,12
squadron,0,1,1
squande,1,0,1
squandered,3,0,3
squandering,1,0,1
squar,1,0,1
square,1,12,13
squarely,1,1,2
squares,0,1,1
squatters,1,0,1
squeeze,1,1,2
squeezed,1,0,1
squirm,0,1,1
squirrel,0,1,1
sri,6,0,6
sro,0,1,1
ss,0,2,2
st,23,85,108
sta,84,186,270
stab,3,1,4
stabbed,2,0,2
stabbing,2,0,2
stabenow,1,3,4
stabili,0,1,1
stability,0,5,5
stable,0,6,6
stacey,0,2,2
stacked,4,2,6
stad,0,1,1
stadium,1,13,14
stadiums,1,0,1
staes,0,1,1
staff,32,56,88
staffe,2,3,5
staffers,2,1,3
staffs,0,1,1
stage,20,29,49
staged,5,4,9
stages,2,3,5
staggering,1,2,3
staging,1,1,2
stagnant,2,2,4
stahl,0,1,1
stain,3,2,5
stains,1,0,1
staircase,0,1,1
stairway,2,0,2
stake,1,7,8
stakes,0,2,2
stale,0,1,1
stalemate,0,1,1
stall,1,1,2
stalled,1,0,1
stalling,1,0,1
stallone,0,1,1
stamina,8,8,16
stammering,1,0,1
stammers,0,1,1
stammina,0,1,1
stamp,1,0,1
stamped,1,0,1
stamps,2,2,4
stan,0,3,3
stanage,1,0,1
stance,4,7,11
stances,0,2,2
stand,48,160,208
standard,29,29,58
standards,4,8,12
standforourant,0,1,1
standforouranthem,0,3,3
standing,12,70,82
standpoint,0,1,1
stands,9,46,55
standstill,0,1,1
standwithlouisiana,0,1,1
stanford,1,0,1
stanley,0,7,7
stanleycup,0,3,3
stansted,0,2,2
staple,0,1,1
stapleton,0,1,1
star,3,5,8
starbucks,1,0,1
stare,1,0,1
stared,1,0,1
staring,0,1,1
stark,0,1,1
starr,0,1,1
starred,0,1,1
starring,0,1,1
stars,2,9,11
start,1,0,1
started,60,66,126
starters,1,0,1
starting,26,67,93
startled,1,0,1
starts,5,26,31
startup,0,1,1
starved,2,1,3
starving,3,6,9
stat,1,2,3
state,185,518,703
stated,51,66,117
statedinne,0,1,1
statehood,1,0,1
statement,67,118,185
statements,28,41,69
staten,0,3,3
stateoftheunion,0,2,2
states,322,465,787
statesman,0,2,2
statesmanship,0,1,1
statethis,0,1,1
statewantin,0,1,1
statewi,0,1,1
statewide,1,3,4
stating,1,5,6
station,4,11,15
stationary,0,1,1
stationed,0,1,1
stations,0,1,1
statistic,1,2,3
statistical,0,1,1
statistically,3,0,3
statistics,2,0,2
stats,2,1,3
statue,3,5,8
statues,2,7,9
stature,1,0,1
status,6,10,16
statute,3,2,5
statutes,0,1,1
statutorily,0,1,1
statutory,0,1,1
staube,0,1,1
staunch,0,1,1
stay,51,117,168
stayathome,0,1,1
stayed,7,6,13
staying,13,14,27
stays,1,3,4
staystrong,0,1,1
stclass,0,1,1
ste,0,1,1
steadfast,0,1,1
steadily,0,1,1
steady,3,2,5
steal,6,12,18
stealing,6,2,8
steals,1,1,2
steaming,0,1,1
stee,3,1,4
steel,15,57,72
steele,29,32,61
steeledossie,1,1,2
steelworkers,4,3,7
steep,0,1,1
stefan,1,1,2
stefanik,0,2,2
stefanowski,0,1,1
steil,0,2,2
stein,4,3,7
steinbrenne,2,0,2
steinle,6,1,7
stella,0,2,2
stem,3,3,6
stems,0,2,2
step,18,48,66
stepanek,0,1,1
stephanie,1,1,2
stephen,2,5,7
stephens,2,1,3
stephenson,0,1,1
stepien,0,1,1
stepped,4,2,6
stepping,2,10,12
steps,4,17,21
stereotype,1,0,1
sterilization,0,1,1
sterilize,0,1,1
sterling,0,1,1
stern,0,1,1
steve,17,57,74
steven,0,11,11
stevens,9,4,13
stewa,5,9,14
stewing,0,1,1
steye,9,4,13
sti,3,0,3
stick,4,14,18
stickers,0,2,2
sticking,3,5,8
sticks,0,1,1
stiff,7,4,11
stiffs,0,1,1
stifle,0,1,1
stifled,0,1,1
stifling,2,0,2
stigma,1,3,4
stim,0,1,1
stimulate,2,4,6
stimulating,0,2,2
stimulus,6,7,13
stings,0,1,1
stinks,3,1,4
stirewalt,1,1,2
stirring,1,0,1
stirrwalt,0,1,1
stirs,0,1,1
stitched,0,1,1
stitt,0,1,1
stivers,0,1,1
stjoes,0,1,1
stlblues,0,1,1
sto,3,3,6
stock,59,99,158
stockale,0,1,1
stocked,0,2,2
stockmarket,1,0,1
stockpile,5,2,7
stockpiles,0,1,1
stocks,6,15,21
stoddard,2,0,2
stoke,0,1,1
stole,4,4,8
stolen,15,1,16
stollen,0,1,1
stoltenberg,0,1,1
stomach,1,0,1
stone,25,12,37
stones,3,0,3
stonewall,1,0,1
stonewalling,1,0,1
stood,8,13,21
stooges,3,0,3
stooped,1,0,1
stop,188,174,362
stopcommoncore,1,0,1
stoped,1,1,2
stopexecutionsiniran,1,0,1
stophillary,0,1,1
stopirandeal,0,1,1
stoppable,0,1,1
stopped,28,22,50
stoppers,0,1,1
stopping,9,17,26
stops,4,16,20
stopthebias,1,2,3
stopthecoup,0,3,3
stopthelies,0,1,1
stopthepresses,0,1,1
stopthespread,0,1,1
storage,2,0,2
store,4,11,15
stores,7,3,10
storied,2,0,2
stories,73,49,122
storm,19,38,57
stormed,2,3,5
storming,0,1,1
storms,7,5,12
stormtroope,2,0,2
stormy,0,1,1
story,145,183,328
storylines,0,1,1
storywith,0,1,1
stove,0,1,1
stpatricksday,0,1,1
straig,1,0,1
straight,19,32,51
straighten,1,5,6
straightened,0,1,1
straightening,0,2,2
straightforward,0,1,1
straighttalk,0,1,1
strain,2,1,3
strained,2,0,2
strait,1,0,1
straka,0,2,2
strange,10,24,34
strangers,0,1,1
stranglehold,0,1,1
strassel,0,7,7
strategic,2,7,9
strategically,0,2,2
strategie,0,1,1
strategies,1,2,3
strategist,4,1,5
strategy,8,17,25
straw,1,5,6
stre,0,1,1
streak,0,2,2
stream,3,6,9
streaming,1,3,4
streamlining,0,1,1
streep,1,0,1
street,33,56,89
streets,9,10,19
streetsense,1,0,1
strength,28,35,63
strengthen,4,12,16
strengthened,1,2,3
strengthening,0,8,8
strengthens,2,2,4
stressed,1,0,1
stretch,0,1,1
stricken,1,0,1
strict,2,2,4
strictly,4,1,5
strident,0,1,1
strides,0,3,3
strike,10,10,20
strikes,4,4,8
striking,2,1,3
string,1,1,2
strip,1,1,2
stripe,0,1,1
striped,1,0,1
stripped,2,0,2
stripping,1,0,1
strive,0,2,2
strived,0,1,1
striving,0,1,1
stro,1,1,2
strokes,0,1,1
stroll,0,2,2
stron,0,1,1
strong,120,446,566
stronge,27,96,123
strongest,5,30,35
strongl,1,0,1
strongly,36,58,94
strozk,0,2,2
struck,1,10,11
structural,0,4,4
structure,2,1,3
struggle,3,2,5
struggled,2,0,2
struggles,0,4,4
struggling,6,1,7
strzok,25,27,52
strzokhow,0,1,1
ststement,0,1,1
stu,7,6,13
stua,8,7,15
stubborn,4,3,7
stubbornly,0,1,1
stuck,8,2,10
studded,0,1,1
studends,1,0,1
student,5,14,19
students,6,31,37
studied,2,1,3
studies,0,3,3
studio,2,5,7
study,13,20,33
studying,2,2,4
stuff,22,24,46
stuffed,2,1,3
stumble,1,2,3
stumbles,0,1,1
stumbling,1,3,4
stump,3,0,3
stunne,0,1,1
stunned,2,1,3
stunning,2,15,17
stuns,0,1,1
stunt,2,3,5
stunts,1,1,2
stupdity,0,1,1
stupendous,0,2,2
stupid,40,12,52
stupidest,1,0,1
stupidity,7,11,18
stupidly,10,4,14
style,8,14,22
stymie,0,1,1
su,2,2,4
sub,1,0,1
subcommittee,1,2,3
subject,15,28,43
subjected,0,2,2
subjects,3,17,20
submarine,2,2,4
submission,1,2,3
submit,3,2,5
submittal,0,1,1
submitted,3,6,9
submitting,0,2,2
suboptimal,1,0,1
subp,0,1,1
subpoena,13,14,27
subpoenaed,2,1,3
subpoenas,4,8,12
subscribers,5,1,6
subscribing,1,0,1
subscription,1,2,3
subscriptions,1,1,2
subsequent,1,0,1
subsidies,2,3,5
subsidize,4,0,4
subsidizes,2,1,3
subsidizing,2,1,3
subsidy,1,0,1
substance,5,8,13
substandard,0,1,1
substantial,0,7,7
substantially,16,15,31
substantialy,1,0,1
substantiate,0,1,1
substantive,1,2,3
substitute,2,0,2
subtle,0,1,1
suburban,2,2,4
suburbs,3,0,3
subve,2,4,6
subversive,0,2,2
subverting,1,0,1
subverts,1,0,1
subway,0,1,1
succ,0,1,1
succe,0,1,1
succeed,1,16,17
succeeded,2,2,4
succeeding,4,0,4
success,25,120,145
successes,0,8,8
successfactors,0,1,1
successfu,0,1,1
successful,20,111,131
successfully,4,6,10
successo,0,2,2
succinct,0,1,1
succinctly,1,0,1
sucess,0,1,1
suck,4,0,4
sucke,1,0,1
suckers,1,0,1
sucking,1,2,3
sucks,6,3,9
sudan,1,1,2
sudden,7,2,9
suddenly,1,1,2
sudduth,0,1,1
sue,9,14,23
sued,5,7,12
sues,1,1,2
suffe,3,4,7
suffered,12,3,15
suffering,20,5,25
suffers,4,2,6
sufficient,2,1,3
suffocating,1,0,1
suffolk,1,3,4
suffrage,0,2,2
suga,2,3,5
suggest,5,10,15
suggested,9,7,16
suggestin,1,0,1
suggesting,3,5,8
suggestion,2,4,6
suggestions,0,2,2
suggests,1,9,10
suicidal,1,0,1
suicide,6,2,8
suing,5,3,8
suit,3,3,6
suite,0,3,3
suited,1,0,1
suites,0,1,1
suits,0,2,2
suleiman,0,1,1
suleimani,0,1,1
sullivan,3,5,8
sulzberge,1,2,3
sum,1,1,2
summ,0,2,2
summarize,2,0,2
summarized,0,1,1
summary,1,2,3
summe,4,9,13
summed,0,3,3
summer,0,1,1
summit,10,73,83
sumo,0,1,1
sums,5,4,9
sun,3,4,7
sund,0,1,1
sunday,9,68,77
sundayfutures,0,1,1
sung,0,1,1
sunherald,0,1,1
sunny,1,1,2
sunrise,0,1,1
sunset,0,2,2
sunshine,0,3,3
sununu,2,1,3
suny,0,1,1
sup,1,0,1
supct,2,0,2
supe,22,35,57
superbowl,1,4,5
superbowlsunday,0,1,1
supercuts,0,1,1
superdome,0,1,1
superheroes,0,2,2
superintendent,0,1,1
superio,2,7,9
superma,0,1,1
superman,1,1,2
supermario,0,1,1
supermarket,1,0,1
superpac,1,1,2
superpacs,0,1,1
superpowe,0,2,2
supersaturday,0,2,2
supersede,1,0,1
superseded,0,1,1
supersonic,0,1,1
supersta,1,2,3
superstorm,1,0,1
supertuesday,1,23,24
supervision,1,1,2
supervisory,0,2,2
supp,1,2,3
supplement,0,1,1
supplemental,1,0,1
supplementing,0,1,1
supplied,0,5,5
suppliers,1,2,3
supplies,2,14,16
supply,8,18,26
supplying,0,1,1
suppo,99,411,510
support,0,3,3
supporte,7,51,58
supported,10,15,25
supporters,34,96,130
supporting,6,41,47
supportive,1,6,7
supports,8,55,63
supportstrump,0,1,1
suppose,0,1,1
supposed,24,9,33
supposedly,10,3,13
suppress,0,3,3
suppressed,0,2,2
suppressing,0,2,2
suppression,6,10,16
supremacists,0,1,1
supremacy,0,3,3
supreme,51,89,140
supremely,1,1,2
supremest,1,0,1
suprise,1,0,1
supteme,0,1,1
sur,0,1,1
sure,27,114,141
surely,1,0,1
suresnes,0,2,2
surface,0,3,3
surfaced,0,1,1
surfaces,0,1,1
surge,7,20,27
surged,2,2,4
surgeo,0,1,1
surgeon,2,4,6
surgery,3,1,4
surges,0,13,13
surgical,0,2,2
surging,4,9,13
suribachi,0,2,2
surp,1,0,1
surpasses,0,1,1
surpassing,0,1,1
surplus,4,6,10
surpluses,1,0,1
surprise,11,21,32
surprised,10,21,31
surprises,0,2,2
surprising,2,5,7
surprisingly,3,4,7
surreal,0,2,2
surrende,0,5,5
surrendered,1,1,2
surrogate,1,0,1
surrogates,0,1,1
surround,1,1,2
surrounded,3,3,6
surrounding,2,1,3
survailence,0,1,1
surveil,0,2,2
surveillance,12,19,31
surveilled,0,2,2
survey,2,6,8
surveys,1,0,1
survival,1,3,4
survive,4,4,8
survived,0,1,1
survives,0,1,1
surviving,1,3,4
survivo,1,0,1
survivors,0,5,5
susan,3,15,18
susceptible,1,1,2
suspect,4,5,9
suspected,2,0,2
suspects,2,1,3
suspend,0,9,9
suspended,9,5,14
suspending,1,3,4
suspends,3,1,4
suspensi,1,0,1
suspension,0,1,1
suspicions,0,1,1
suspicious,0,1,1
sussmann,0,1,1
sustain,0,1,1
sustainable,0,1,1
sustained,2,2,4
sustaining,0,1,1
susteren,1,0,1
sutherland,0,2,2
suv,0,1,1
suzuki,0,1,1
sw,0,1,1
swabs,0,1,1
swag,0,1,1
swagge,1,0,1
swalwell,3,0,3
swamp,32,28,60
swamped,3,0,3
swampman,2,0,2
swap,2,0,2
swapped,0,1,1
swapping,1,0,1
swarms,0,1,1
sway,1,1,2
swaying,0,1,1
swea,0,7,7
swearing,3,6,9
sweat,2,4,6
sweating,1,0,1
sweats,1,0,1
swecke,0,1,1
swecker,1,0,1
sweden,3,9,12
swedish,0,1,1
sweep,0,1,1
sweeping,0,5,5
sweet,1,9,10
sweethea,2,0,2
swept,0,1,1
swift,0,4,4
swiftly,1,4,5
swimmers,0,1,1
swine,10,3,13
swing,8,13,21
swinging,1,1,2
swipe,3,1,4
swirling,0,1,1
swiss,1,1,2
switch,1,6,7
switched,0,2,2
switzerland,2,13,15
swmxfvfto,0,1,1
swoop,1,0,1
sword,1,1,2
swore,0,2,2
sworn,5,12,17
sylveste,0,1,1
symbol,0,1,1
symbolism,0,1,1
symbols,0,1,1
sympathies,9,3,12
sympathizers,2,0,2
sympathy,1,0,1
symptoms,2,3,5
synagogue,1,3,4
synagogues,0,1,1
syndicated,0,1,1
syndrome,3,11,14
synthetic,1,0,1
syracuse,0,4,4
syria,50,47,97
syrian,9,11,20
syrianrefugees,0,1,1
syrians,3,2,5
syrianstrikes,0,1,1
sys,0,1,1
syst,0,1,1
syste,1,0,1
systematic,0,1,1
systemic,1,0,1
systems,5,2,7
sz,0,1,1
ta,0,3,3
tabas,0,2,2
tabl,0,1,1
table,8,15,23
tables,3,2,5
tablet,0,1,1
tabloid,1,0,1
tabloidsaving,0,1,1
tabulation,1,2,3
tack,0,1,1
tackling,0,1,1
tacky,1,0,1
taco,0,1,1
tactic,2,0,2
tactical,0,1,1
tactician,0,1,1
tactics,6,6,12
tad,1,0,1
tail,0,1,1
tailgate,0,1,1
tails,0,1,1
tainted,5,5,10
taiwan,1,1,2
taiwanese,1,0,1
takeaselfie,0,1,1
takeaways,0,1,1
takebackday,3,4,7
takebackthehouse,0,1,1
takedown,1,2,3
taken,78,64,142
takenotes,0,1,1
takeove,1,6,7
takers,1,1,2
takes,28,34,62
taking,85,100,185
tal,0,1,1
tale,2,3,5
talent,23,24,47
talentand,1,0,1
talented,6,48,54
talents,2,7,9
taliban,9,6,15
talk,88,169,257
talke,1,0,1
talked,12,30,42
talkers,2,1,3
talking,70,122,192
talks,29,50,79
tall,0,6,6
tallahassee,0,5,5
tallest,0,1,1
tally,0,1,1
tama,1,0,1
tamara,1,1,2
tamed,0,1,1
tammy,1,7,8
tampa,0,22,22
tampered,0,1,1
tampering,1,0,1
tamping,1,0,1
tan,0,1,1
tanden,1,0,1
tangible,0,1,1
tangled,1,0,1
tanisha,0,1,1
tank,8,6,14
tanked,6,3,9
tankers,1,1,2
tanking,1,0,1
tanks,0,1,1
tantalizing,0,1,1
tantamount,1,0,1
tantrum,2,2,4
taoiseach,1,1,2
taormina,0,2,2
tape,11,13,24
taped,3,0,3
tapes,4,2,6
tapestry,0,1,1
tapp,1,0,1
tappe,2,3,5
tapped,1,0,1
tappedand,0,1,1
tapping,0,3,3
tara,0,1,1
tarc,0,1,1
target,3,21,24
targeted,13,9,22
targeti,1,0,1
targeting,13,14,27
targets,2,3,5
tariff,18,15,33
tariffed,10,0,10
tariffs,94,112,206
tarkanian,0,2,2
tarmac,4,1,5
tarnished,1,1,2
tarp,1,0,1
tarrifs,0,1,1
task,6,55,61
tasks,1,0,1
taste,2,3,5
tata,1,1,2
tate,0,12,12
tatters,2,0,2
tattoo,0,1,1
taught,0,2,2
taunt,1,0,1
taunted,2,0,2
taunting,1,0,1
tax,206,177,383
taxation,2,0,2
taxcuts,0,2,2
taxcutsandjobsact,1,2,3
taxday,2,2,4
taxed,5,7,12
taxes,112,100,212
taxesjust,0,1,1
taxesmedia,1,0,1
taxi,1,0,1
taxicab,0,1,1
taxing,0,1,1
taxis,1,0,1
taxpay,0,1,1
taxpaye,12,7,19
taxpayers,7,11,18
taxplan,0,1,1
taxrefo,1,1,2
taxreform,3,10,13
taylo,6,14,20
tayyip,0,2,2
tbt,0,11,11
tca,0,2,2
tcompletely,0,1,1
tcot,1,16,17
tds,1,1,2
tdswarning,0,2,2
te,0,3,3
tea,2,29,31
teach,1,3,4
teache,1,6,7
teachers,3,18,21
teaches,1,1,2
teaching,1,1,2
team,37,169,206
teamamerica,0,1,1
teambrandi,1,5,6
teamdonaldtrump,0,1,1
teamed,1,0,1
teamgilbert,0,1,1
teamian,0,1,1
teaminfinity,0,1,1
teamkenya,1,0,1
teamkevin,0,4,4
teamleeza,0,5,5
teammates,0,1,1
teamno,0,1,1
teams,2,25,27
teamscalise,0,3,3
teamsters,0,1,1
teamtrum,0,1,1
teamtrump,7,15,22
teamtrumppa,0,1,1
teamtrumptext,0,3,3
teamusa,0,2,2
teamvortex,0,1,1
teamwork,0,5,5
teaparty,0,1,1
tearing,2,7,9
tears,11,4,15
tease,1,1,2
teasing,0,1,1
tecate,0,1,1
tech,2,15,17
technical,4,1,5
technician,1,0,1
techno,1,0,1
technocratic,0,1,1
technologies,0,3,3
technology,3,19,22
ted,71,106,177
tedcruz,2,2,4
teddy,1,0,1
tedious,0,1,1
tedros,0,1,1
tee,0,4,4
teen,2,1,3
teenage,0,2,2
teens,1,1,2
teeth,2,0,2
tehran,1,0,1
tel,2,1,3
tele,0,3,3
telease,1,0,1
telecast,0,1,1
telecom,1,0,1
telecommunications,0,1,1
teleconference,0,6,6
telefnica,0,1,1
telegram,0,1,1
telehealth,0,7,7
telemedicine,1,1,2
telephone,6,7,13
teleprompte,6,2,8
teleprompter,0,1,1
telepromte,2,0,2
televise,0,1,1
televised,2,0,2
television,32,42,74
telework,0,1,1
tell,61,104,165
telle,0,2,2
tellen,0,1,1
tellin,0,2,2
telling,18,41,59
tellingitlikeitis,0,1,1
tells,5,23,28
telly,0,1,1
temp,0,1,1
tempe,2,2,4
temperament,4,2,6
temperatures,2,3,5
temperment,1,0,1
tempo,0,1,1
temporarily,1,5,6
temporary,1,0,1
tenacious,0,3,3
tenacity,0,1,1
tend,0,2,2
tendered,1,0,1
tenfold,3,1,4
tenn,0,1,1
tennesse,1,0,1
tennesseans,1,1,2
tennessee,11,50,61
tennis,0,5,5
tens,14,16,30
tense,1,0,1
tension,0,1,1
tensions,2,2,4
tent,0,2,2
tenuous,0,1,1
tenure,1,3,4
tepid,0,1,1
teresa,1,0,1
term,31,47,78
terminal,0,2,2
terminate,3,7,10
terminated,12,7,19
terminating,2,1,3
termination,1,1,2
terminations,0,1,1
terms,15,14,29
terrace,0,1,1
terre,0,2,2
terrell,1,1,2
terrence,0,5,5
terrible,202,27,229
terriblebad,1,0,1
terribly,3,1,4
terrific,2,45,47
terrified,1,3,4
terrify,0,1,1
terrifying,0,1,1
terrifyingly,0,1,1
terris,0,1,1
territorial,0,1,1
territories,0,1,1
territory,2,11,13
terro,36,19,55
terroist,1,0,1
terroris,1,1,2
terrorism,24,33,57
terrorist,42,25,67
terroristal,1,0,1
terroristist,0,1,1
terrorists,20,26,46
terrorize,1,0,1
terry,2,3,5
tes,1,0,1
tesla,0,2,2
tessle,0,1,1
test,16,15,31
testament,0,1,1
teste,4,13,17
tested,6,8,14
testified,9,14,23
testifies,0,4,4
testify,34,20,54
testifying,6,5,11
testimo,0,1,1
testimonies,1,0,1
testimony,37,42,79
testing,30,63,93
tests,10,16,26
texan,0,2,2
texans,0,6,6
texas,41,177,218
texasstrong,1,1,2
text,11,12,23
texted,1,2,3
texts,10,5,15
texttrump,0,1,1
tf,1,0,1
tgdn,0,1,1
th,88,298,386
tha,3,4,7
thad,2,0,2
thai,0,1,1
thailand,1,5,6
thank,39,2352,2391
thankafirefighte,0,1,1
thankatrucke,0,1,1
thankavet,0,2,2
thankaveteran,0,1,1
thanked,1,3,4
thankful,1,18,19
thankfully,0,2,2
thanking,1,5,6
thanks,26,439,465
thanksfordelivering,0,1,1
thanksgiving,6,18,24
thanksgivings,1,0,1
thankspresidenttrump,1,0,1
thanku,0,1,1
thankyou,0,2,2
thankyoutou,1,11,12
thanniversary,0,7,7
thatcher,0,1,1
thats,11,18,29
thbewithyou,0,1,1
thdc,0,1,1
theapprentice,6,8,14
theartofthedeal,0,1,1
theate,2,3,5
theaters,0,1,1
theatre,0,1,1
theatrics,0,1,1
theb,0,1,1
thebachelo,1,1,2
thecelebrityapprentice,0,2,2
thedonald,0,7,7
thedonaldforpres,0,1,1
thedoniscoming,0,1,1
thefive,2,6,8
theft,9,2,11
thehill,1,2,3
thei,747,691,1438
theirs,1,3,4
themccarthyrepo,0,1,1
theme,5,7,12
themselve,1,0,1
thendems,1,0,1
theodore,0,1,1
theonly,0,1,1
theoretical,1,0,1
theories,2,5,7
theorist,0,1,1
theorists,1,0,1
theory,3,7,10
theprofit,0,1,1
therapeutic,0,1,1
therapeutics,1,4,5
therapies,0,1,1
therapists,1,0,1
therapy,1,1,2
theremembranceproject,0,1,1
thereof,1,0,1
theres,7,2,9
theresa,2,6,8
theresas,0,1,1
therightview,0,1,1
thes,1,0,1
thesmartguy,0,1,1
thetonightshow,0,1,1
thetrump,0,3,3
theyare,1,0,1
theyll,0,2,2
theyre,3,4,7
theyrmad,1,0,1
theyve,0,4,4
thi,1,2,3
thickens,0,1,1
thickheaded,0,1,1
thief,1,1,2
thiel,0,2,2
thiessen,0,4,4
thieves,2,0,2
thing,131,146,277
thingnot,1,0,1
thingputin,0,1,1
things,152,243,395
think,170,287,457
thinkbig,0,1,1
thinke,1,2,3
thinkers,1,1,2
thinking,26,38,64
thinks,21,26,47
thinnest,0,2,2
thirds,1,1,2
thirty,1,1,2
thisamerica,1,0,1
thistasked,1,0,1
thless,1,0,1
thnx,0,2,2
tho,1,3,4
thofjuly,0,1,1
thom,2,6,8
thomas,3,7,10
thompson,1,0,1
thomson,0,1,1
thornberry,0,1,1
thorns,0,1,1
thoroughly,3,4,7
thos,0,1,1
thou,0,1,1
thoug,0,1,1
thought,84,60,144
thoughtful,0,2,2
thoughtfulness,0,1,1
thoughts,48,32,80
thousand,3,4,7
thousands,50,94,144
thre,1,0,1
thread,2,6,8
threat,19,25,44
threaten,6,7,13
threatened,4,5,9
threatening,8,10,18
threatens,2,2,4
threats,5,13,18
threshold,1,3,4
threw,2,3,5
thrill,0,1,1
thrilled,4,29,33
thrive,2,7,9
thrived,1,1,2
thrives,2,1,3
thriving,2,17,19
throat,1,0,1
throne,1,0,1
throu,0,1,1
throug,1,0,1
throughly,0,1,1
throw,6,10,16
throwback,0,2,2
throwbackthursday,0,4,4
throwbackthursdays,0,1,1
throwing,1,6,7
thrown,16,4,20
throws,3,2,5
thts,1,0,1
thu,2,1,3
thug,1,2,3
thugs,14,13,27
thumbs,1,1,2
thunberg,1,0,1
thunde,1,8,9
thunders,0,1,1
thurs,0,2,2
thursday,4,43,47
thursdays,1,0,1
thwa,0,2,2
thx,0,15,15
tiananmen,1,0,1
tick,1,1,2
ticket,7,16,23
tickets,5,72,77
ticking,0,2,2
ticktock,0,1,1
tide,2,5,7
tie,1,7,8
tied,14,8,22
tiegen,0,1,1
tiene,0,1,1
ties,6,16,22
tiff,0,1,1
tiffany,0,21,21
tiffanys,0,1,1
tige,3,16,19
tigers,0,8,8
tight,4,2,6
tighte,0,1,1
tightened,4,0,4
tightening,10,10,20
tijuana,1,0,1
tiktok,1,0,1
til,2,4,6
till,1,13,14
tillerson,5,7,12
tillis,1,2,3
tim,16,16,32
timbe,1,1,2
time,453,834,1287
timeby,1,0,1
timed,1,0,1
timeforprogress,0,1,1
timeless,0,3,3
timeline,1,1,2
timely,0,1,1
times,137,150,287
timeset,0,1,1
timetable,0,1,1
timetogettough,0,3,3
timing,5,9,14
timken,0,1,1
timothy,0,1,1
timpf,0,1,1
tingle,1,0,1
tiny,9,7,16
tip,1,4,5
tipo,1,0,1
tips,1,4,5
tiptoe,1,0,1
tire,0,2,2
tired,27,17,44
tireless,1,5,6
tirelessly,0,6,6
tisa,0,1,1
title,1,3,4
tixs,1,0,1
tking,1,0,1
tlaib,8,2,10
tmdharvey,0,1,1
tmobile,3,0,3
tmrw,0,1,1
tmz,0,1,1
tn,2,7,9
tnget,0,1,1
toast,1,2,3
toaste,1,0,1
toasted,0,2,2
tock,1,1,2
toda,0,2,2
today,253,1006,1259
todays,1,5,6
todaywe,0,1,1
todd,13,18,31
toddlers,0,1,1
todds,1,0,1
todos,0,1,1
toe,0,1,1
toeing,0,1,1
toget,0,1,1
togeth,0,2,2
togethe,79,304,383
togetherapa,1,3,4
togetherapart,0,1,1
toilet,1,1,2
toknow,1,0,1
tokyo,0,4,4
told,100,91,191
toledo,0,8,8
tolerance,0,2,2
tolerate,4,2,6
tolerated,4,0,4
tolerates,1,0,1
toll,1,0,1
tolls,1,0,1
tom,19,87,106
tomarrow,0,1,1
tomfazios,0,1,1
tomi,0,1,1
tommy,0,8,8
tomorrow,49,337,386
tomorrowbig,1,0,1
tomorrowfletche,0,1,1
tomorrowheres,0,1,1
tomorrows,0,3,3
ton,0,4,4
tone,2,7,9
tones,3,0,3
tongue,1,1,2
toni,1,0,1
tonight,68,574,642
tonightpresident,0,1,1
tonights,0,6,6
tonightyou,0,2,2
tonite,2,1,3
tons,1,5,6
tony,1,16,17
toobin,0,1,1
took,97,84,181
tool,8,18,26
toolbox,0,1,1
toolkit,0,1,1
tools,2,2,4
toon,1,0,1
tooth,1,0,1
topathway,0,1,1
topeka,0,1,1
topic,3,4,7
topics,3,9,12
topnotch,0,1,1
topped,0,2,2
topping,0,2,2
tops,2,8,10
torch,0,1,1
torched,0,2,2
torches,1,0,1
tore,0,2,2
torn,3,1,4
tornado,2,1,3
tornadoes,5,8,13
tornados,0,1,1
toronto,0,3,3
torontostrong,1,0,1
torres,0,1,1
torture,1,0,1
tortured,2,1,3
torturing,1,0,1
toss,0,2,2
tossed,1,1,2
tota,1,0,1
total,166,364,530
totaled,0,1,1
totaling,0,1,1
totalitarianism,1,0,1
totalitarians,0,1,1
totally,212,180,392
totals,0,1,1
totaly,1,0,1
tote,0,1,1
toting,0,1,1
totrump,0,1,1
tou,5,24,29
touch,14,8,22
touchdown,1,0,1
touched,5,5,10
touches,1,2,3
touching,3,1,4
tough,94,140,234
toughe,15,21,36
toughen,0,1,1
toughest,1,4,5
toughness,0,3,3
toughpresident,0,1,1
toughtimes,0,1,1
toured,0,3,3
touring,1,3,4
tourism,0,1,1
tourist,0,2,2
tourists,2,1,3
tournament,0,4,4
tournaments,0,1,1
tours,0,2,2
touted,0,1,1
touting,1,2,3
touts,1,2,3
tova,0,1,1
tow,1,0,1
towar,0,1,1
towe,9,51,60
towering,0,1,1
towers,1,1,2
town,15,33,48
townhall,0,3,3
towns,3,3,6
township,0,5,5
toxic,0,2,2
toy,1,0,1
toyota,0,5,5
toys,1,0,1
tp,1,0,1
tpa,0,1,1
tpp,16,9,25
tps,1,0,1
tqcnawjp,1,0,1
tr,0,4,4
tra,0,2,2
trace,1,0,1
tracing,3,0,3
track,7,38,45
tracke,0,1,1
tracking,0,6,6
tracks,3,1,4
traction,0,1,1
tractors,0,1,1
trade,168,343,511
tradecraft,1,0,1
tradedeals,0,1,1
trademarked,0,1,1
trading,1,8,9
tradition,2,7,9
traditional,2,6,8
traditions,0,4,4
traffic,9,11,20
trafficked,0,1,1
traffickers,5,8,13
trafficking,9,18,27
traffickinggang,1,0,1
tragedies,1,2,3
tragedy,16,6,22
tragic,17,2,19
tragically,1,0,1
trai,0,1,1
trail,7,14,21
trailblaze,0,1,1
trailblazing,0,2,2
train,19,17,36
trained,3,8,11
training,3,9,12
trains,1,1,2
trainwreck,0,1,1
traito,3,2,5
traitors,1,2,3
trajectory,0,1,1
tramp,0,1,1
trample,0,1,1
trampled,0,2,2
tran,0,1,1
trans,5,2,7
transaction,2,5,7
transactions,2,1,3
transcribed,1,2,3
transcript,33,58,91
transcriptlive,0,1,1
transcripts,13,36,49
transcrpt,1,0,1
transfe,0,2,2
transferred,0,1,1
transferring,0,2,2
transfers,0,2,2
transform,1,4,5
transformation,0,1,1
transformed,0,1,1
transforming,0,2,2
transgende,0,3,3
transit,3,17,20
transition,6,13,19
transitioning,0,1,1
translato,0,1,1
transmission,2,1,3
transmitted,1,0,1
transpaency,1,0,1
transparency,19,15,34
transparent,6,2,8
transplant,0,1,1
transpo,1,0,1
transportation,1,6,7
trap,6,1,7
trapped,2,0,2
trappings,1,0,1
traps,1,0,1
tras,0,1,1
trash,5,2,7
trashed,1,0,1
trashes,1,1,2
trashing,2,3,5
trashy,2,0,2
tratado,0,1,1
trauma,1,0,1
traunch,0,1,1
travel,12,44,56
travele,0,1,1
traveled,2,7,9
travelers,0,4,4
travelerschoice,0,2,2
traveling,0,11,11
travelled,0,2,2
travellers,0,1,1
travelling,0,1,1
travels,0,3,3
travesty,4,1,5
travis,0,4,4
tre,1,0,1
treacherous,0,1,1
tread,0,2,2
treading,0,1,1
treason,10,15,25
treasonous,8,1,9
treasu,0,1,1
treasure,1,13,14
treasured,0,1,1
treasures,0,1,1
treasury,4,14,18
treat,12,25,37
treated,62,38,100
treaties,1,0,1
treating,4,5,9
treatment,9,13,22
treatments,1,3,4
treats,2,2,4
treaty,3,4,7
tree,3,5,8
trees,0,1,1
treeted,0,1,1
trek,1,0,1
tremendous,42,182,224
tremendously,2,2,4
trend,3,4,7
trending,4,6,10
trey,3,6,9
treygowdypodcast,0,1,1
tri,0,1,1
triage,0,1,1
trial,43,46,89
trials,0,2,2
tribal,2,5,7
tribe,1,3,4
tribulations,0,1,1
tribune,1,1,2
tribute,4,18,22
tributes,0,1,1
trice,0,1,1
trick,4,7,11
tricks,5,4,9
tricky,1,1,2
trident,1,1,2
tried,66,9,75
tries,7,14,21
trifecta,1,0,1
trigge,1,1,2
triggered,1,7,8
triggering,0,1,1
trill,1,0,1
trillion,21,25,46
trillionaugust,0,1,1
trillions,3,6,9
trio,0,3,3
trip,10,33,43
triple,2,1,3
trips,2,0,2
trish,1,2,3
tristan,0,1,1
triumph,1,6,7
triumphant,1,4,5
triumphs,0,2,2
trivial,2,1,3
trojan,1,1,2
troll,1,0,1
trolling,1,0,1
tromps,0,1,1
trong,0,1,1
troop,3,0,3
troope,0,1,1
troopers,0,1,1
troops,21,42,63
trope,0,1,1
trophy,1,9,10
tropic,1,0,1
tropical,4,10,14
tropicana,0,1,1
trouble,28,17,45
troubled,3,1,4
troublemake,0,1,1
troublemaker,1,0,1
troublemakers,3,1,4
troubling,0,3,3
trough,0,1,1
trounced,3,0,3
trounces,0,3,3
trouncing,1,0,1
trove,1,2,3
troy,7,22,29
trrrible,1,0,1
tru,0,3,3
truce,0,1,1
truck,2,5,7
truckers,0,3,3
trucking,0,1,1
trucks,1,4,5
trudeau,2,3,5
true,114,333,447
truly,49,152,201
trum,0,1,1
truman,1,4,5
trumka,2,1,3
trump,948,3788,4736
trumpachusetts,0,1,1
trumpadvice,0,6,6
trumparmy,0,3,3
trumpatrjc,0,1,1
trumpboom,0,1,1
trumpbux,1,0,1
trumpcard,0,2,2
trumpcares,1,0,1
trumpchicago,0,1,1
trumpcollection,0,1,1
trumpcountry,0,1,1
trumpcruz,0,1,1
trumpdallas,0,1,1
trumpderangementsyndrome,0,1,1
trumpdog,0,1,1
trumpdoral,0,1,1
trumpe,8,3,11
trumped,1,2,3
trumpenomics,0,1,1
trumpers,6,8,14
trumpets,0,2,2
trumpfan,0,1,1
trumpferrypoint,0,1,1
trumpforamerica,0,1,1
trumpforpresident,3,36,39
trumpforprez,1,3,4
trumpfortriumph,0,1,1
trumpgolf,0,1,1
trumphotel,0,1,1
trumpinal,0,1,1
trumpinaug,1,0,1
trumpineverett,0,1,1
trumpinstagram,0,1,1
trumpisawesome,0,1,1
trumpisnotadocto,1,0,1
trumpisright,0,1,1
trumpiswithyou,0,1,1
trumpleeds,0,1,1
trumplife,0,1,1
trumplv,0,1,1
trumpmeister,2,0,2
trumpmilwaukeerally,0,1,1
trumpminneapolis,1,2,3
trumpmobile,1,0,1
trumpmovement,0,1,1
trumpmypresident,0,2,2
trumpnation,0,1,1
trumpnationalcharlotte,0,1,1
trumpnow,0,1,1
trumpocrats,0,1,1
trumpon,1,0,1
trumponcnn,0,1,1
trumponly,0,1,1
trumponomics,0,2,2
trumponsnl,0,2,2
trumpophobes,0,1,1
trumppence,2,37,39
trumppets,0,1,1
trumppotus,0,1,1
trumprally,0,10,10
trumprallyal,0,1,1
trumprallycotext,0,1,1
trumprallydallas,1,2,3
trumprallyhershey,1,0,1
trumprallymilwaukee,0,1,1
trumprallynj,0,1,1
trumprallyphoenix,0,2,2
trumprallytickets,0,1,1
trumpread,0,1,1
trumprocks,0,1,1
trumprocksamerica,1,0,1
trumprussia,0,2,2
trumps,10,30,40
trumpspeech,0,1,1
trumpswagge,0,1,1
trumptennis,0,1,1
trumptforpresident,0,1,1
trumpthecompetition,0,1,1
trumpthis,0,1,1
trumptime,0,1,1
trumptoday,1,4,5
trumptowe,1,2,3
trumptowerny,0,1,1
trumptowernyc,0,1,1
trumptownhall,3,2,5
trumptrain,7,38,45
trumptrainsnl,0,2,2
trumptraintickets,0,1,1
trumpturnberry,0,2,2
trumpu,0,1,1
trumpukvisit,0,1,1
trumpvlog,3,3,6
trumpwaikiki,0,1,1
trumpwas,0,1,1
trumpwon,0,2,2
trumpworthy,0,1,1
trumpy,1,2,3
trus,0,1,1
trust,17,42,59
trusted,11,6,17
trusts,1,0,1
trustworthy,0,2,2
truth,58,146,204
truthe,0,1,1
truthful,6,4,10
truthfully,1,0,1
truthfulness,0,2,2
truthhurts,1,0,1
truths,0,3,3
truthtrump,0,1,1
try,59,63,122
tryi,1,0,1
trying,154,105,259
tryme,0,1,1
ts,1,0,1
tsa,0,1,1
tsipras,0,2,2
tsunami,1,0,1
ttonight,0,1,1
ttump,0,2,2
tu,1,1,2
tube,1,1,2
tuberville,0,5,5
tubes,3,2,5
tucke,1,3,4
tucson,0,2,2
tue,2,0,2
tues,0,1,1
tuesday,21,88,109
tuesdayand,1,0,1
tuesdays,0,3,3
tuition,1,2,3
tulsa,4,7,11
tulsi,1,1,2
tumble,3,0,3
tumbling,0,1,1
tump,0,5,5
tune,2,49,51
tuned,4,40,44
tuning,3,5,8
tunnel,2,3,5
tunnels,2,2,4
tupelo,0,1,1
turbines,1,0,1
turbulent,0,1,1
turf,0,2,2
turkey,22,58,80
turkish,1,7,8
turks,1,1,2
turley,2,7,9
turmoil,6,2,8
turn,35,62,97
turnaround,1,3,4
turnberry,6,30,36
turnbull,0,1,1
turne,0,2,2
turned,42,31,73
turning,26,19,45
turnout,3,9,12
turnouts,0,1,1
turns,13,8,21
turnttrump,0,1,1
tuscaloosa,0,1,1
tusk,0,1,1
tuskegee,1,0,1
tv,24,56,80
tvgeek,0,1,1
tvwith,0,1,1
tw,0,1,1
twain,0,3,3
tweaked,0,1,1
tweedledum,1,0,1
tweeps,0,2,2
tweet,3,28,31
tweeted,3,8,11
tweetgate,0,1,1
tweeting,5,23,28
tweets,10,21,31
twendency,0,1,1
twice,9,15,24
twirl,1,0,1
twist,2,3,5
twisted,1,1,2
twits,0,1,1
twitte,211,741,952
twitter,0,1,1
tx,2,19,21
ty,0,6,6
tycoon,0,2,2
tying,1,0,1
tyle,0,3,3
tylers,0,1,1
tyngsboro,0,1,1
type,9,6,15
types,4,3,7
typical,2,6,8
typically,4,1,5
typos,1,0,1
tyrannical,0,1,1
tyranny,1,0,1
tyrus,0,1,1
tysm,0,1,1
tyson,0,4,4
tzu,0,1,1
uaw,3,2,5
ube,1,0,1
ucla,0,2,2
ufc,0,6,6
ufcdc,0,2,2
ufcwashington,0,2,2
uganda,0,2,2
ugly,7,0,7
uh,2,2,4
uk,5,11,16
ukrai,3,0,3
ukrain,1,0,1
ukraine,76,105,181
ukrainescandal,0,1,1
ukrainian,41,33,74
ukrainians,3,4,7
ukranian,1,0,1
ul,1,0,1
ultimate,2,18,20
ultimately,8,4,12
ultra,1,2,3
ulysses,0,1,1
um,0,4,4
umass,0,2,2
umm,0,1,1
umpteenth,0,1,1
una,0,2,2
unabashed,0,1,1
unable,38,6,44
unacceptable,6,5,11
unaccepting,1,0,1
unaccompanied,0,1,1
unaccountable,0,1,1
unaccounted,1,0,1
unaffiliated,0,1,1
unaffordable,1,1,2
unambiguous,0,3,3
unambiguously,0,1,1
unanimous,2,5,7
unanimously,2,3,5
unannounced,0,2,2
unanswered,1,0,1
unapologetic,0,1,1
unappreciated,0,1,1
unarmed,1,0,1
unattractive,1,0,1
unauthorized,4,1,5
unaware,1,2,3
unbalanced,2,1,3
unbearable,1,0,1
unbecoming,0,1,1
unbeknownst,1,0,1
unbelievable,16,34,50
unbelievably,5,4,9
unbiased,2,2,4
unborn,0,1,1
unbreakable,0,3,3
unbridled,1,0,1
unbroken,1,0,1
uncertain,1,1,2
uncertainty,1,2,3
unchallenged,2,0,2
unchecked,4,5,9
unclassified,0,1,1
unclassify,1,0,1
uncle,0,4,4
uncomfortable,1,2,3
uncommon,0,1,1
unconditional,1,0,1
unconscionable,1,0,1
unconstitutional,3,16,19
uncontested,0,1,1
uncontrollable,0,2,2
unconventional,0,2,2
uncorroborated,1,0,1
uncouth,0,1,1
uncovered,1,10,11
uncovers,1,1,2
unde,135,218,353
undecided,0,1,1
undecideds,0,1,1
undefeated,1,0,1
undeniable,0,1,1
underachieving,0,1,1
undercove,0,2,2
undercut,1,0,1
undercuts,0,2,2
undercutting,1,0,1
underdogs,0,1,1
underestimate,1,7,8
underestimated,0,3,3
underhanded,1,0,1
underlings,0,1,1
underlyi,1,0,1
underlying,5,3,8
undermine,5,2,7
undermined,2,1,3
undermines,2,1,3
undermining,0,4,4
underneath,1,1,2
underperforming,0,1,1
underpinnings,0,1,1
underreporting,0,1,1
underscored,0,1,1
underserved,1,1,2
underst,0,1,1
understan,0,1,1
understand,38,49,87
understandable,0,1,1
understanding,6,11,17
understands,9,16,25
understated,0,1,1
understatement,3,2,5
understood,5,5,10
undertake,1,2,3
undertaking,0,1,1
undertones,1,0,1
underway,1,14,15
undetected,1,0,1
undetermined,0,1,1
undisciplined,1,1,2
undisclosed,1,0,1
undisputed,0,1,1
undivided,0,1,1
undo,2,7,9
undocumented,2,2,4
undoi,0,1,1
undoing,0,2,2
undoubtedly,0,1,1
une,1,0,1
unearthed,0,1,1
unelectable,2,3,5
unelected,3,2,5
unempl,1,0,1
unemploy,0,1,1
unemploye,1,0,1
unemployed,2,1,3
unemploym,0,1,1
unemployment,86,77,163
unending,0,1,1
unenthusiastic,0,2,2
unequal,1,0,1
unequivocal,1,0,1
unethica,1,0,1
unethical,3,2,5
unexpected,1,2,3
unexpectedly,0,1,1
unexploded,0,1,1
unfai,67,60,127
unfailing,0,2,2
unfair,1,0,1
unfairly,13,16,29
unfairlybig,1,0,1
unfairness,3,4,7
unfavorably,1,0,1
unfettered,0,1,1
unfilled,1,0,1
unfiltered,1,0,1
unfit,7,2,9
unfolding,3,1,4
unforced,1,1,2
unforgettable,0,2,2
unforgivable,1,0,1
unfortunate,4,0,4
unfortunately,25,2,27
unfounded,0,1,1
unfreakinbelievable,1,0,1
unfreedom,0,3,3
unfriendly,0,1,1
unfunded,4,0,4
unfunny,1,1,2
unga,0,20,20
ungafull,0,1,1
unglued,1,0,1
ungrateful,4,0,4
ungratefulness,0,1,1
unhappy,10,1,11
unheard,2,4,6
unhelpful,0,1,1
unhinged,9,6,15
uni,0,2,2
unidentified,0,1,1
unidos,1,0,1
unification,0,2,2
unified,4,11,15
uniform,2,13,15
uniformly,0,1,1
uniforms,0,2,2
unify,0,3,3
unifying,1,3,4
unilaterally,1,1,2
unimaginable,1,1,2
unimaginably,0,1,1
unimpeachablephonecall,0,1,1
unimpeded,1,1,2
uninsured,1,4,5
uninterested,1,0,1
uninterrupted,1,0,1
uninvolved,1,0,1
union,28,61,89
unions,8,8,16
unionstation,0,1,1
unique,0,2,2
uniquely,1,0,1
unison,0,1,1
unit,2,4,6
unite,2,9,11
united,262,472,734
unites,0,1,1
uniting,1,1,2
units,2,0,2
unity,6,17,23
univ,0,2,2
universal,1,3,4
universe,10,8,18
universities,5,3,8
university,7,24,31
universo,1,0,1
univision,5,6,11
unjust,0,1,1
unjustified,0,1,1
unkind,1,0,1
unknown,2,2,4
unlawful,6,3,9
unlawfully,1,0,1
unle,0,1,1
unleash,3,5,8
unleashed,3,4,7
unleashes,0,4,4
unleashing,1,3,4
unleashingamericanenergy,0,1,1
unless,15,23,38
unlike,13,26,39
unlikely,4,0,4
unlimited,8,11,19
unload,0,1,1
unloads,1,0,1
unlock,2,3,5
unlocked,0,2,2
unloyal,1,0,1
unm,0,1,1
unmanned,2,0,2
unmasked,1,2,3
unmasking,5,10,15
unmatched,0,6,6
unmistakably,0,1,1
unmitigated,1,0,1
unnamed,6,4,10
unnecessarily,1,0,1
unnecessary,6,10,16
unnerving,0,1,1
unnoticeable,1,0,1
unofficial,0,1,1
unofficially,2,0,2
unopposed,0,2,2
unpaid,1,0,1
unparalleled,1,4,5
unpardonable,0,2,2
unpatriotic,1,2,3
unpleasant,3,1,4
unpopula,2,8,10
unpopularity,1,0,1
unprec,0,1,1
unprecedented,25,26,51
unpredictable,2,1,3
unprepared,1,0,1
unprofessional,4,1,5
unprotected,0,2,2
unproven,1,1,2
unqualified,1,4,5
unquestionably,0,4,4
unravel,0,1,1
unraveling,0,2,2
unravels,0,3,3
unreal,1,6,7
unredacted,4,2,6
unregistered,0,1,1
unregulated,1,0,1
unrelated,8,4,12
unrelenting,1,3,4
unreported,1,1,2
unrepresentative,0,1,1
unresolved,1,0,1
unrest,1,2,3
unrevealed,0,1,1
unsafe,8,4,12
unsalvageable,0,1,1
unsanitary,0,3,3
unscheduled,2,0,2
unscripted,0,1,1
unsealed,1,2,3
unsecure,1,0,1
unsecured,2,0,2
unsettling,0,1,1
unsigned,0,1,1
unsolved,2,0,2
unsourced,1,1,2
unspeakable,0,2,2
unspoken,0,1,1
unstable,3,0,3
unsteady,1,0,1
unstoppable,0,4,4
unsubstantiated,1,2,3
unsuccessful,2,0,2
unsuccessfully,4,0,4
unsung,0,2,2
unsuspecting,0,2,2
unsustainable,1,0,1
untalented,3,1,4
untaxed,1,0,1
unthinkable,4,4,8
unthinkably,2,0,2
unto,0,2,2
untold,0,1,1
untouched,1,0,1
untrue,4,8,12
untrusted,1,0,1
untrusting,0,1,1
untruth,1,0,1
untruthful,4,2,6
unusable,1,1,2
unused,2,1,3
unusual,2,3,5
unveil,0,3,3
unveiled,0,2,2
unveiling,0,1,1
unveils,0,3,3
unverifiable,2,0,2
unverified,4,5,9
unwanted,1,0,1
unwarranted,1,1,2
unwatchable,5,2,7
unwavering,0,5,5
unwell,1,0,1
unwilling,8,2,10
unwise,1,0,1
unwisely,0,1,1
unyielding,0,3,3
upcoming,5,14,19
updat,0,1,1
update,7,44,51
updated,0,11,11
updates,1,15,16
updating,0,3,3
upended,2,0,2
upfront,1,0,1
upgrades,0,4,4
upheld,0,1,1
uphold,2,5,7
upholding,2,1,3
upholds,2,4,6
uplift,0,1,1
uplifted,0,2,2
upo,1,0,1
uppe,0,1,1
upped,0,1,1
upping,1,0,1
uproa,0,2,2
ups,2,3,5
upset,23,5,28
upside,3,5,8
upstage,0,1,1
upstairs,2,0,2
upstanding,0,1,1
upstate,3,2,5
upswing,0,1,1
uptick,0,1,1
upupup,0,1,1
upward,3,4,7
uranium,9,6,15
urban,1,7,8
urbandale,0,1,1
urge,1,3,4
urged,3,3,6
urgency,1,3,4
urgent,8,6,14
urgently,0,3,3
urges,3,2,5
urging,5,10,15
uruguay,0,2,2
usa,108,273,381
usaatunga,0,6,6
usable,0,1,1
usadjt,0,1,1
usaf,0,1,1
usage,1,0,1
usain,0,1,1
usaou,1,0,1
usas,0,1,1
usausausa,0,2,2
usbp,0,1,1
usc,0,1,1
uscg,0,2,2
uschambe,1,0,1
usda,0,1,1
use,77,139,216
useable,1,0,1
used,100,82,182
useful,0,1,1
useless,3,1,4
usembassyjerusalem,0,1,1
username,0,1,1
uses,8,7,15
usfk,0,1,1
ushcc,0,1,1
ushcclegi,0,1,1
ushe,0,2,2
ushered,0,2,2
using,45,59,104
usitc,1,0,1
usjoe,1,0,1
usm,2,0,2
usma,0,1,1
usmc,0,1,1
usmca,21,110,131
usmcan,0,1,1
usmcanow,0,5,5
usnavy,3,1,4
usnavyalwaysthere,0,1,1
usns,0,3,3
usnscomfo,2,5,7
usnsmercy,2,2,4
usps,0,1,1
uss,1,8,9
ussarizona,0,2,2
ussboxe,1,0,1
ussfitzgerald,1,0,1
ussgeraldrford,0,3,3
ussjohnfinn,0,1,1
ussjohnsmccain,2,0,2
usss,1,2,3
usstatevisi,0,1,1
usstatevisit,0,3,3
usswasp,0,1,1
ussyorktown,0,2,2
usual,21,24,45
usually,2,4,6
usurp,0,1,1
usurpation,1,0,1
usurpers,1,0,1
usvi,1,2,3
uswomensopen,0,6,6
ut,2,0,2
utah,4,32,36
utahans,0,1,1
utahcaucus,0,2,2
utahprimary,0,1,1
utc,0,1,1
utcaucus,0,2,2
utilities,2,0,2
utilize,0,1,1
utilized,2,0,2
utmost,0,2,2
utte,1,1,2
uttered,0,1,1
utterly,1,0,1
uu,0,1,1
uwillwin,0,1,1
uzbekistan,0,1,1
va,19,32,51
vaaccountability,0,1,1
vacancies,1,0,1
vacation,8,7,15
vacationing,0,1,1
vacations,3,0,3
vacci,0,1,1
vaccinated,1,0,1
vaccine,5,14,19
vaccines,0,7,7
vacuum,1,0,1
vade,0,1,1
vadym,2,1,3
vagrancy,0,1,1
vague,1,0,1
vah,0,1,1
vail,0,1,1
vain,3,2,5
valentine,0,2,2
valentines,0,1,1
valerie,2,1,3
valiant,0,1,1
valiantly,0,2,2
validate,0,1,1
validated,0,1,1
validity,0,1,1
valley,2,5,7
valo,0,7,7
valuable,0,3,3
valuables,0,1,1
value,8,12,20
valued,1,0,1
values,6,30,36
valuesvoterssummit,0,1,1
valuing,1,0,1
vamissionact,0,1,1
vamos,0,1,1
vampire,0,1,1
van,7,17,24
vancouve,0,2,2
vandalism,1,4,5
vandalization,0,2,2
vandalize,0,2,2
vandalizes,0,2,2
vandals,2,0,2
vandersloot,1,0,1
vandyke,0,1,1
vanessa,0,2,2
vanguard,0,1,1
vanished,1,1,2
vanishing,1,0,1
vanity,2,1,3
vans,1,0,1
vaping,0,4,4
vara,0,1,1
varadka,0,2,2
varela,0,1,1
variation,0,1,1
variety,0,1,1
various,9,30,39
varney,1,3,4
varneyco,1,0,1
vasecretary,0,1,1
vassal,0,1,1
vast,14,13,27
vat,1,0,1
vatican,0,4,4
vaticanwalls,0,1,1
vavideoconnect,0,1,1
vdh,1,0,1
vdot,0,1,1
ve,116,220,336
veday,0,1,1
veep,1,0,1
veered,1,0,1
vega,2,1,3
vegas,10,49,59
vegasstron,0,1,1
vegasstrong,0,1,1
vehemently,1,2,3
vehicle,4,2,6
vehicles,1,4,5
velocity,0,1,1
ven,0,1,1
vendetta,1,2,3
vendors,0,2,2
venezolanos,0,1,1
venezuel,0,1,1
venezuela,15,22,37
venezuelan,3,3,6
venezuelans,0,1,1
vengeance,2,1,3
vented,0,1,1
ventil,0,1,1
ventilato,1,3,4
ventilators,15,33,48
venture,1,2,3
venue,2,14,16
venues,0,3,3
verbal,0,1,1
verdes,0,6,6
verdict,1,4,5
verification,4,2,6
verified,1,4,5
verify,4,0,4
verily,0,2,2
veritas,0,2,2
verizon,1,4,5
verma,0,1,1
vermont,0,6,6
vernon,0,3,3
vero,0,1,1
veronica,1,0,1
versa,0,1,1
verse,1,0,1
version,5,19,24
versionmaybe,1,0,1
versus,0,3,3
vessel,1,4,5
vessels,0,2,2
vest,1,0,1
vested,0,1,1
vet,5,12,17
veteran,4,34,38
veteranfortrump,0,1,1
veterans,15,142,157
veto,5,7,12
vetoed,2,1,3
vetoes,1,0,1
vetoing,0,1,1
vets,49,217,266
vetting,2,6,8
vfw,0,1,1
vfwconvention,1,2,3
vi,2,6,8
viability,0,1,1
viable,1,1,2
vibrant,3,1,4
vice,11,43,54
vicente,0,2,2
viceversa,0,1,1
vicious,26,17,43
viciously,10,8,18
vicky,0,1,1
victim,9,8,17
victimize,0,1,1
victimized,2,0,2
victims,49,17,66
victo,0,8,8
victoria,1,0,1
victories,7,17,24
victorious,1,4,5
victory,24,118,142
victoy,0,1,1
video,29,104,133
videos,0,14,14
vieira,0,1,1
viennaafte,1,0,1
vietnam,14,35,49
vietnamese,1,0,1
view,11,23,34
viewed,1,2,3
viewers,10,14,24
viewership,1,5,6
viewing,2,2,4
viewpoin,0,1,1
viewpoints,0,1,1
views,8,23,31
vigans,0,1,1
vigil,0,1,1
vigilance,0,1,1
vigilant,6,10,16
vigo,1,0,1
vigorous,1,0,1
vigorously,0,1,1
viking,1,0,1
vikto,0,1,1
vile,2,4,6
villages,1,5,6
villains,1,1,2
villazon,1,1,2
vince,1,3,4
vindicate,1,2,3
vindicated,3,2,5
vindicates,1,2,3
vindicating,0,1,1
vindication,4,6,10
vindictive,0,2,2
vindman,4,8,12
vine,0,1,1
vines,0,1,1
vineyards,0,1,1
vio,0,1,1
viol,1,0,1
violate,2,1,3
violated,7,4,11
violates,3,2,5
violati,0,1,1
violating,2,3,5
violation,13,13,26
violations,6,5,11
violators,0,1,1
violence,19,23,42
violent,20,20,40
violently,1,1,2
vip,0,3,3
virgin,0,4,4
virginia,44,123,167
virginiabeach,0,1,1
virginiais,0,1,1
virginians,1,1,2
virginislands,0,1,1
virnelli,0,1,1
virtual,6,4,10
virtually,14,15,29
virtue,3,3,6
virtues,0,1,1
virtuetrump,0,1,1
viru,0,1,1
virus,37,24,61
viruses,1,1,2
visa,4,13,17
visas,1,2,3
viscous,1,0,1
visibility,2,0,2
visible,3,1,4
vision,7,23,30
visionaries,0,1,1
visionary,0,3,3
visit,12,84,96
visited,3,11,14
visiting,3,19,22
visito,0,2,2
visitors,0,3,3
visits,0,1,1
visually,0,2,2
vital,7,15,22
vitality,0,1,1
vitally,1,1,2
vitiello,0,1,1
viva,0,1,1
vivica,0,1,1
vivicia,1,0,1
vividly,1,0,1
vladimi,4,5,9
vo,0,2,2
vocabulary,0,1,1
vocal,0,1,1
voice,7,31,38
voiceless,0,1,1
voices,3,15,18
voicing,0,1,1
void,1,0,1
voight,0,1,1
volatile,1,0,1
volke,1,5,6
volkswagen,0,1,1
volodymy,1,2,3
volume,1,9,10
voluminous,0,1,1
voluntad,0,1,1
voluntarily,2,1,3
volunte,0,1,1
voluntee,1,12,13
volunteers,1,12,13
von,0,2,2
vortex,1,1,2
vot,1,0,1
vote,172,906,1078
voted,32,105,137
votefortrump,0,4,4
votekarenhandel,2,0,2
voteonnov,0,1,1
voter,1,0,1
voteralphnorman,0,1,1
votered,0,1,1
voterfraud,1,2,3
voterid,0,1,1
voterregistrationday,0,1,1
voters,55,84,139
votersspeak,0,1,1
votes,69,85,154
votestand,0,1,1
votetrump,7,82,89
votetrumpforpresident,0,1,1
votetrumphi,0,1,1
votetrumpid,0,1,1
votetrumpil,0,1,1
votetrumpks,0,1,1
votetrumpma,0,1,1
votetrumpmi,0,2,2
votetrumpmitrump,0,1,1
votetrumpms,0,1,1
votetrumpnc,0,1,1
votetrumpnh,0,8,8
votetrumpnv,0,7,7
votetrumpny,0,2,2
votetrumppence,0,7,7
votetrumpsc,0,9,9
votetrumpvt,0,1,1
votetrumpwi,0,1,1
voti,0,1,1
voting,40,134,174
vouch,1,1,2
vow,1,1,2
vowed,1,0,1
vowing,0,2,2
vows,2,5,7
vox,0,1,1
voyage,0,1,1
vp,7,23,30
vpdebate,6,13,19
vpdebates,1,0,1
vpe,0,2,2
vpeotus,0,1,1
vpotus,0,1,1
vps,0,1,1
vs,10,34,44
vsstoanodb,0,1,1
vt,1,3,4
vuitton,1,0,1
vukmi,0,1,1
vulga,1,0,1
vulgarian,1,0,1
vulnerabilities,0,1,1
vulnerable,1,8,9
vying,1,0,1
wa,63,108,171
wack,2,1,3
wacko,9,5,14
wacky,9,9,18
waco,1,0,1
wad,0,1,1
wade,1,2,3
waffling,1,0,1
wage,6,11,17
waged,0,1,1
wages,11,27,38
wagons,0,2,2
wags,0,1,1
wait,21,165,186
waite,0,1,1
waited,10,3,13
waiters,0,1,1
waiting,19,57,76
waits,0,1,1
waive,1,4,5
waived,0,2,2
waivers,0,4,4
waiving,1,0,1
wake,9,19,28
wakeupa,1,0,1
wakeupamerica,2,4,6
waking,0,2,2
walding,0,1,1
waldo,3,0,3
waldorf,0,2,2
wales,0,7,7
walk,8,25,33
walkaway,1,4,5
walke,7,19,26
walked,3,6,9
walker,0,1,1
walkers,0,4,4
walking,11,7,18
walks,0,4,4
wall,203,302,505
wallace,14,35,49
walle,0,1,1
walled,0,1,1
wallet,1,0,1
wallets,0,1,1
wallillegal,0,1,1
walls,5,21,26
walma,0,3,3
walorski,0,1,1
walsh,0,2,2
walte,2,8,10
walters,0,3,3
waltz,1,1,2
walz,1,1,2
waming,1,0,1
wand,2,4,6
wanna,7,4,11
wannabe,2,0,2
want,611,397,1008
wanted,91,31,122
wanting,29,14,43
wants,157,104,261
wapo,4,5,9
war,0,1,1
ward,2,1,3
warehouses,0,1,1
warfare,0,2,2
warfighte,1,0,1
warfighters,0,4,4
warfighting,0,1,1
warheads,1,0,1
warm,1,14,15
warmbie,2,4,6
warme,1,2,3
warmed,1,0,1
warmest,10,7,17
warming,7,6,13
warmly,2,1,3
warmonge,1,1,2
warmth,1,3,4
warn,0,5,5
warne,7,0,7
warned,4,5,9
warni,1,0,1
warning,8,3,11
warnings,4,4,8
warns,1,4,5
warp,1,2,3
warra,1,0,1
warrant,6,6,12
warranted,0,1,1
warrantless,1,0,1
warrants,3,7,10
warren,26,37,63
warrio,3,19,22
warriors,4,14,18
warroomimpeachment,2,4,6
warroomweeklyfollowing,0,1,1
wars,17,21,38
warsaw,0,1,1
warships,2,0,2
warwick,0,1,1
wash,5,3,8
washed,12,2,14
washes,0,1,1
washi,0,1,1
washing,0,1,1
washington,114,199,313
washpost,1,0,1
washroom,1,0,1
washyourhands,0,1,1
wasn,37,27,64
wasnt,8,2,10
wasserman,4,4,8
waste,40,13,53
wasted,19,8,27
wasteful,3,4,7
wastelands,0,1,1
wasting,13,14,27
watc,1,1,2
watch,161,388,549
watchdog,1,3,4
watched,43,71,114
watchers,1,0,1
watches,4,7,11
watchin,1,1,2
watching,66,168,234
wate,22,30,52
water,0,1,1
waterboarding,2,0,2
waterbury,0,1,1
watered,1,1,2
watergate,9,10,19
waterloo,0,2,2
waters,3,16,19
watershed,0,1,1
watertown,0,1,1
waterville,1,0,1
watson,1,1,2
watt,0,1,1
watters,2,4,6
wattersworld,0,2,2
waukesha,0,3,3
wausau,0,1,1
wave,0,15,15
wavered,0,3,3
waverly,0,1,1
wavers,0,1,1
waves,0,2,2
waving,1,3,4
way,281,422,703
waych,0,1,1
wayif,0,1,1
waymake,0,1,1
wayne,1,21,22
waynes,1,0,1
ways,11,29,40
wb,0,1,1
wbz,0,1,1
wc,1,0,1
wcs,0,1,1
wea,5,8,13
wead,1,4,5
weak,115,54,169
weake,3,5,8
weaken,0,1,1
weakened,1,0,1
weakening,1,1,2
weakest,5,4,9
weaklings,0,1,1
weakly,1,0,1
weakness,10,11,21
wealth,13,28,41
wealthie,0,1,1
wealthy,1,3,4
weapo,0,1,1
weapon,9,7,16
weaponization,1,0,1
weaponized,4,4,8
weaponizes,0,1,1
weaponizing,1,1,2
weapons,22,18,40
wearebernie,0,1,1
wearing,0,5,5
wears,0,1,1
weary,0,1,1
weasels,2,0,2
weathe,7,8,15
weatherboring,1,0,1
weave,1,2,3
web,16,110,126
webb,3,1,4
webbe,0,1,1
webcast,0,1,1
webe,0,3,3
website,4,7,11
wed,0,1,1
wedded,2,0,2
wedding,4,4,8
wednesday,8,23,31
wednesdaywisd,0,1,1
wee,0,3,3
weeded,0,1,1
weeding,1,0,1
weeeere,1,0,1
week,66,177,243
weekend,22,51,73
weekly,3,14,17
weeklyaddress,0,8,8
weeks,46,52,98
wef,0,11,11
wefi,0,1,1
weighing,0,2,2
weighs,0,3,3
weight,1,1,2
weighted,1,0,1
weine,0,2,2
weinstein,1,1,2
weird,5,1,6
weirdo,2,0,2
weiss,0,1,1
weissman,1,1,2
weissmann,1,2,3
wel,0,1,1
welc,0,1,1
welch,1,0,1
welcome,2,131,133
welcomed,0,13,13
welcomes,0,1,1
welcoming,1,12,13
welfare,2,3,5
wellconnected,0,1,1
wellhes,0,1,1
wellness,0,2,2
wells,1,2,3
wendy,0,1,1
weneedmorerepublicansin,0,1,1
weneedyou,0,1,1
wenstrup,1,0,1
went,84,55,139
wenti,1,0,1
wer,0,1,1
weren,8,8,16
werent,3,2,5
wesley,0,2,2
west,24,82,106
westbury,0,1,1
westchesters,0,1,1
westcoast,0,1,1
westerdam,0,1,1
westerhout,0,1,1
western,4,6,10
westerntuesday,0,1,1
westfield,0,1,1
westminste,1,0,1
westpoint,0,1,1
westward,0,1,1
wet,4,0,4
wethe,1,0,1
wethepeople,0,2,2
weve,1,6,7
wewanttrump,0,1,1
wfb,2,0,2
wg,1,0,1
wgc,0,4,4
wgdp,1,8,9
wh,15,38,53
whack,2,1,3
whales,0,1,1
whaley,1,0,1
wharton,0,2,2
whateve,21,35,56
whatjusthappened,0,1,1
whatley,0,1,1
whats,7,4,11
whatsoeve,5,5,10
whcd,0,1,1
whe,1,0,1
wheedled,2,0,2
wheel,2,1,3
wheele,1,2,3
wheeling,0,3,3
wheels,0,3,3
wheneve,2,4,6
wherehaveibeen,0,1,1
whereshillary,0,1,1
whereve,4,0,4
whethe,23,31,54
whi,2,0,2
whic,0,2,2
whiff,0,1,1
whil,1,0,1
whimpe,1,0,1
whimpering,2,0,2
whine,1,1,2
whiney,0,1,1
whining,1,1,2
whip,0,2,2
whiplash,1,0,1
whipped,1,2,3
whirlwind,0,1,1
whispered,1,0,1
whispering,0,1,1
whistle,3,1,4
whistleb,1,0,1
whistlebl,2,1,3
whistleblowe,110,51,161
whistleblowers,5,2,7
whistles,1,1,2
whit,0,3,3
whitake,5,2,7
white,99,328,427
whitehouse,0,4,4
whitehousechristmas,0,1,1
whites,1,1,2
whitestone,0,3,3
whitewashing,0,1,1
whitewate,0,1,1
whitme,1,3,4
whitsett,0,2,2
whizzed,0,1,1
whoa,1,2,3
whoeve,4,8,12
wholeheartedly,0,1,1
wholesale,1,0,1
whoopi,1,0,1
whoppe,0,1,1
whopping,1,1,2
whore,1,0,1
whos,1,3,4
whove,1,0,1
whp,0,1,1
whyimnotvotingforhillary,0,1,1
whyisupporttrump,1,0,1
wi,9,22,31
wichita,0,5,5
wicked,0,3,3
wickremesinghe,1,0,1
wide,3,17,20
widen,1,1,2
widens,0,2,2
widespread,3,1,4
widest,0,2,2
widodo,0,1,1
widow,0,2,2
wiedefeld,1,0,1
wieldi,0,1,1
wiene,2,1,3
wiesel,1,0,1
wife,28,55,83
wifi,0,1,1
wikileakes,1,2,3
wikileaks,6,6,12
wil,1,8,9
wilbu,0,4,4
wild,8,21,29
wildandwonderful,0,1,1
wildest,1,3,4
wildfires,3,5,8
wildly,2,0,2
wildwoo,1,0,1
wildwood,0,4,4
wilkes,0,2,2
wilkie,0,3,3
willey,1,0,1
willfully,0,1,1
william,3,9,12
williams,10,17,27
willie,0,2,2
willing,14,33,47
willingly,0,1,1
willingness,1,1,2
willis,1,1,2
willl,1,0,1
willlovetheshoes,0,1,1
willthe,1,0,1
wilmington,0,6,6
wilson,2,8,10
wimp,0,3,3
wimpie,2,0,2
wimps,3,0,3
wimpy,1,0,1
win,219,518,737
wind,3,9,12
windchill,1,0,1
windfall,2,0,2
windfarms,2,0,2
windham,0,1,1
winding,0,2,2
window,1,1,2
windows,2,1,3
winds,8,8,16
windso,0,1,1
wine,2,2,4
winery,0,3,3
wines,2,0,2
winfield,0,1,1
winfrey,0,1,1
wing,6,12,18
wingers,2,1,3
winn,0,1,1
winne,17,74,91
winners,4,21,25
winning,52,131,183
winningticket,0,1,1
winred,0,1,1
wins,18,75,93
winston,1,3,4
winte,3,8,11
wintou,1,1,2
wipe,0,2,2
wiped,2,2,4
wiprimary,1,12,13
wirch,1,0,1
wire,0,2,2
wireless,1,6,7
wires,1,0,1
wiretap,0,1,1
wiretapping,0,1,1
wisconsin,12,118,130
wisdom,3,11,14
wise,7,12,19
wiseguy,2,1,3
wisely,0,4,4
wisenberg,0,1,1
wish,39,30,69
wishbone,0,1,1
wished,3,2,5
wishers,0,2,2
wishes,9,21,30
wishing,4,17,21
wit,0,4,4
witch,180,206,386
witchhunt,0,4,4
withd,0,1,1
withdonaldtrump,0,1,1
withdraw,1,4,5
withdrawal,1,1,2
withdrawing,0,3,3
withdrawn,5,2,7
withers,1,0,1
withheld,2,8,10
withhold,1,4,5
withholding,1,5,6
withholdpakistan,0,1,1
withou,0,2,2
withvisionwelead,0,1,1
witne,0,1,1
witness,25,30,55
witnessed,4,5,9
witnesses,41,48,89
witnessing,2,5,7
witschey,0,1,1
witty,0,1,1
wixx,1,0,1
wj,0,1,1
wk,0,1,1
wks,0,1,1
wld,0,1,1
wluk,0,1,1
wm,0,1,1
wmd,1,0,1
wmu,0,1,1
wo,3,5,8
woah,0,2,2
wobbling,0,1,1
woefully,0,1,1
woes,0,1,1
wojubeforeyouvote,0,1,1
woke,1,3,4
wolf,2,1,3
wolff,1,0,1
wollman,0,3,3
wolves,1,0,1
woman,14,51,65
wome,0,1,1
womem,0,1,1
women,57,236,293
womenfortru,0,1,1
womenfortrump,0,5,5
womens,1,1,2
won,137,203,340
wonde,50,22,72
wondered,0,3,3
wonderful,46,302,348
wonderfully,0,2,2
wondering,3,5,8
wondrous,0,1,1
wonerful,0,2,2
wonhe,1,0,1
wont,16,11,27
woo,1,0,1
wooden,1,1,2
woodland,0,2,2
woodlands,0,1,1
woodrow,0,2,2
woods,5,5,10
woodward,1,13,14
woody,2,0,2
wooed,1,0,1
woohoo,0,2,2
woolsey,1,0,1
woooow,0,1,1
wor,1,2,3
worceste,0,1,1
word,27,66,93
words,45,131,176
wore,0,1,1
work,231,358,589
worke,9,40,49
worked,47,54,101
worker,1,0,1
workers,64,141,205
workersdelivery,0,1,1
workforce,3,16,19
workforceweek,0,1,1
workfromhome,0,1,1
workhard,0,1,1
workhorse,0,1,1
workin,1,1,2
working,205,332,537
workings,2,0,2
workplace,1,1,2
works,22,28,50
worl,1,1,2
world,153,415,568
worldaidsday,0,1,1
worldand,0,1,1
worldautismawarenessday,0,2,2
worldchampion,0,1,1
worlddownsyndromeday,0,1,1
worlds,2,5,7
worldseries,0,1,1
worldwide,2,5,7
worm,1,0,1
worn,0,2,2
worried,13,4,17
worries,0,1,1
worry,10,23,33
worryin,1,0,1
worse,138,25,163
worsening,1,0,1
worsens,1,0,1
worship,0,11,11
worshipers,1,0,1
worshippers,0,1,1
worst,140,26,166
worsts,1,0,1
worth,15,44,59
worthless,5,2,7
worthy,2,4,6
wotus,1,2,3
wouldn,25,14,39
wouldnt,9,4,13
wouldve,1,1,2
wound,1,1,2
wounded,17,12,29
wounding,2,0,2
wounds,1,2,3
wow,108,234,342
wowthe,0,1,1
wp,0,3,3
wpost,0,1,1
wprk,0,1,1
wrap,1,1,2
wrapped,3,2,5
wraps,0,1,1
wray,8,7,15
wreath,0,1,1
wreck,6,3,9
wrecked,1,1,2
wrecking,0,3,3
wren,0,1,1
wrestlemania,0,1,1
wright,1,1,2
wrightbrothers,0,1,1
wrightsvil,0,1,1
wrightsville,0,1,1
writ,1,0,1
write,34,35,69
writeoff,0,1,1
writers,5,2,7
writes,7,15,22
writing,9,14,23
writings,1,0,1
written,24,50,74
wrk,0,1,1
wrong,195,114,309
wrongdoing,5,4,9
wrongest,0,1,1
wrongful,1,0,1
wrongfully,3,2,5
wrongly,4,2,6
wrongs,0,2,2
wrote,21,32,53
wsj,4,14,18
wt,1,1,2
wtc,2,1,3
wtf,1,0,1
wtg,0,1,1
wth,1,0,1
wto,4,2,6
wuhan,2,1,3
wuss,0,1,1
wusses,2,0,2
wussy,0,1,1
wv,3,4,7
wvprimary,0,1,1
ww,0,1,1
wwe,1,1,2
wwi,1,2,3
wwii,0,1,1
wy,0,1,1
wyoming,1,3,4
xenophobe,1,0,1
xenophobic,2,0,2
xfinity,0,1,1
xhqlhttps,0,1,1
xi,15,55,70
ximena,0,1,1
xinping,0,1,1
xl,0,4,4
xo,0,1,1
xoxo,0,1,1
xun,0,1,1
xx,0,2,2
ya,3,10,13
yaaaaay,0,1,1
yada,0,2,2
yah,0,2,2
yahoo,0,2,2
yale,0,6,6
yall,0,2,2
yankee,0,2,2
yankees,0,2,2
yanny,0,1,1
yap,1,0,1
yard,2,8,10
yardsigns,0,1,1
yates,2,6,8
yawning,1,0,1
yay,0,3,3
ybfov,0,1,1
ybls,0,1,1
ye,0,1,1
yea,191,318,509
yeah,5,6,11
year,2,4,6
yearly,3,4,7
yearns,0,1,1
years,378,505,883
yearsoffailure,1,0,1
yearsthis,0,1,1
yell,0,1,1
yelled,1,0,1
yelling,1,0,1
yellow,1,0,1
yemen,4,2,6
yep,1,0,1
yermak,0,1,1
yes,20,97,117
yesrs,0,1,1
yessss,0,1,1
yesterd,0,1,1
yesterday,81,174,255
yesterdays,1,2,3
yield,1,2,3
yielded,1,0,1
yields,1,0,1
yikes,2,0,2
yisroel,1,0,1
ymca,0,1,1
yo,0,10,10
yode,0,1,1
yoes,0,1,1
yoga,1,0,1
yogi,2,0,2
yoho,0,1,1
yokota,0,2,2
yom,1,3,4
yomkippur,0,1,1
yong,0,1,1
yoo,1,0,1
york,136,196,332
yorke,1,3,4
yorkers,3,2,5
yorks,2,1,3
yougov,0,3,3
youhavemyvote,0,1,1
youjustgottrumped,0,1,1
youll,2,2,4
youn,0,1,1
young,16,57,73
younge,1,1,2
youngste,0,1,1
youngstown,0,4,4
yountville,1,0,1
youon,0,1,1
youre,4,16,20
yourefired,0,1,1
yourfired,0,4,4
yourtimeisnow,1,0,1
yourworld,0,1,1
youth,5,8,13
youthsports,0,1,1
youtube,2,7,9
youve,1,6,7
yovanovich,0,1,1
yovanovitch,4,8,12
ypsila,0,1,1
ypwdz,0,1,1
yrs,10,10,20
yrunmasking,0,1,1
yt,0,1,1
yucca,0,1,1
yuge,3,3,6
yulin,0,1,1
yum,1,0,1
yuma,0,5,5
yup,2,1,3
yuri,0,1,1
yuriy,0,1,1
yvlmhl,0,1,1
yvncg,0,1,1
ywls,0,1,1
zac,0,1,1
zaino,0,1,1
zakarian,1,0,1
zapotosky,0,1,1
zealand,5,2,7
zealots,0,1,1
zel,0,1,1
zeldin,0,5,5
zelen,2,0,2
zelensky,14,20,34
zell,0,3,3
zellbut,1,0,1
zero,127,43,170
zerohedge,1,0,1
zika,0,1,1
zilch,1,1,2
zillionaire,0,1,1
zimbabwe,2,0,2
zimmerman,0,3,3
zinc,1,0,1
zinge,0,2,2
zinke,0,1,1
zionism,1,0,1
zip,1,0,1
zito,0,1,1
zogby,1,7,8
zoldan,0,1,1
zoldon,0,1,1
zon,0,1,1
zone,5,11,16
zones,6,14,20
zoning,0,1,1
zoo,0,1,1
zoom,1,2,3
zte,3,1,4
zucke,2,2,4
zuckerberg,0,4,4
zuckerman,6,2,8
zuke,1,0,1
zumuw,0,1,1
zurich,1,0,1
